10002
1 2
2 3
2 4
2 5
2 6
2 7
7 8
7 9
7 10
7 11
7 12
12 13
12 14
12 15
12 16
12 17
17 18
17 19
17 20
17 21
17 22
22 23
22 24
22 25
22 26
22 27
27 28
27 29
27 30
27 31
27 32
32 33
32 34
32 35
32 36
32 37
37 38
37 39
37 40
37 41
37 42
42 43
42 44
42 45
42 46
42 47
47 48
47 49
47 50
47 51
47 52
52 53
52 54
52 55
52 56
52 57
57 58
57 59
57 60
57 61
57 62
62 63
62 64
62 65
62 66
62 67
67 68
67 69
67 70
67 71
67 72
72 73
72 74
72 75
72 76
72 77
77 78
77 79
77 80
77 81
77 82
82 83
82 84
82 85
82 86
82 87
87 88
87 89
87 90
87 91
87 92
92 93
92 94
92 95
92 96
92 97
97 98
97 99
97 100
97 101
97 102
102 103
102 104
102 105
102 106
102 107
107 108
107 109
107 110
107 111
107 112
112 113
112 114
112 115
112 116
112 117
117 118
117 119
117 120
117 121
117 122
122 123
122 124
122 125
122 126
122 127
127 128
127 129
127 130
127 131
127 132
132 133
132 134
132 135
132 136
132 137
137 138
137 139
137 140
137 141
137 142
142 143
142 144
142 145
142 146
142 147
147 148
147 149
147 150
147 151
147 152
152 153
152 154
152 155
152 156
152 157
157 158
157 159
157 160
157 161
157 162
162 163
162 164
162 165
162 166
162 167
167 168
167 169
167 170
167 171
167 172
172 173
172 174
172 175
172 176
172 177
177 178
177 179
177 180
177 181
177 182
182 183
182 184
182 185
182 186
182 187
187 188
187 189
187 190
187 191
187 192
192 193
192 194
192 195
192 196
192 197
197 198
197 199
197 200
197 201
197 202
202 203
202 204
202 205
202 206
202 207
207 208
207 209
207 210
207 211
207 212
212 213
212 214
212 215
212 216
212 217
217 218
217 219
217 220
217 221
217 222
222 223
222 224
222 225
222 226
222 227
227 228
227 229
227 230
227 231
227 232
232 233
232 234
232 235
232 236
232 237
237 238
237 239
237 240
237 241
237 242
242 243
242 244
242 245
242 246
242 247
247 248
247 249
247 250
247 251
247 252
252 253
252 254
252 255
252 256
252 257
257 258
257 259
257 260
257 261
257 262
262 263
262 264
262 265
262 266
262 267
267 268
267 269
267 270
267 271
267 272
272 273
272 274
272 275
272 276
272 277
277 278
277 279
277 280
277 281
277 282
282 283
282 284
282 285
282 286
282 287
287 288
287 289
287 290
287 291
287 292
292 293
292 294
292 295
292 296
292 297
297 298
297 299
297 300
297 301
297 302
302 303
302 304
302 305
302 306
302 307
307 308
307 309
307 310
307 311
307 312
312 313
312 314
312 315
312 316
312 317
317 318
317 319
317 320
317 321
317 322
322 323
322 324
322 325
322 326
322 327
327 328
327 329
327 330
327 331
327 332
332 333
332 334
332 335
332 336
332 337
337 338
337 339
337 340
337 341
337 342
342 343
342 344
342 345
342 346
342 347
347 348
347 349
347 350
347 351
347 352
352 353
352 354
352 355
352 356
352 357
357 358
357 359
357 360
357 361
357 362
362 363
362 364
362 365
362 366
362 367
367 368
367 369
367 370
367 371
367 372
372 373
372 374
372 375
372 376
372 377
377 378
377 379
377 380
377 381
377 382
382 383
382 384
382 385
382 386
382 387
387 388
387 389
387 390
387 391
387 392
392 393
392 394
392 395
392 396
392 397
397 398
397 399
397 400
397 401
397 402
402 403
402 404
402 405
402 406
402 407
407 408
407 409
407 410
407 411
407 412
412 413
412 414
412 415
412 416
412 417
417 418
417 419
417 420
417 421
417 422
422 423
422 424
422 425
422 426
422 427
427 428
427 429
427 430
427 431
427 432
432 433
432 434
432 435
432 436
432 437
437 438
437 439
437 440
437 441
437 442
442 443
442 444
442 445
442 446
442 447
447 448
447 449
447 450
447 451
447 452
452 453
452 454
452 455
452 456
452 457
457 458
457 459
457 460
457 461
457 462
462 463
462 464
462 465
462 466
462 467
467 468
467 469
467 470
467 471
467 472
472 473
472 474
472 475
472 476
472 477
477 478
477 479
477 480
477 481
477 482
482 483
482 484
482 485
482 486
482 487
487 488
487 489
487 490
487 491
487 492
492 493
492 494
492 495
492 496
492 497
497 498
497 499
497 500
497 501
497 502
502 503
502 504
502 505
502 506
502 507
507 508
507 509
507 510
507 511
507 512
512 513
512 514
512 515
512 516
512 517
517 518
517 519
517 520
517 521
517 522
522 523
522 524
522 525
522 526
522 527
527 528
527 529
527 530
527 531
527 532
532 533
532 534
532 535
532 536
532 537
537 538
537 539
537 540
537 541
537 542
542 543
542 544
542 545
542 546
542 547
547 548
547 549
547 550
547 551
547 552
552 553
552 554
552 555
552 556
552 557
557 558
557 559
557 560
557 561
557 562
562 563
562 564
562 565
562 566
562 567
567 568
567 569
567 570
567 571
567 572
572 573
572 574
572 575
572 576
572 577
577 578
577 579
577 580
577 581
577 582
582 583
582 584
582 585
582 586
582 587
587 588
587 589
587 590
587 591
587 592
592 593
592 594
592 595
592 596
592 597
597 598
597 599
597 600
597 601
597 602
602 603
602 604
602 605
602 606
602 607
607 608
607 609
607 610
607 611
607 612
612 613
612 614
612 615
612 616
612 617
617 618
617 619
617 620
617 621
617 622
622 623
622 624
622 625
622 626
622 627
627 628
627 629
627 630
627 631
627 632
632 633
632 634
632 635
632 636
632 637
637 638
637 639
637 640
637 641
637 642
642 643
642 644
642 645
642 646
642 647
647 648
647 649
647 650
647 651
647 652
652 653
652 654
652 655
652 656
652 657
657 658
657 659
657 660
657 661
657 662
662 663
662 664
662 665
662 666
662 667
667 668
667 669
667 670
667 671
667 672
672 673
672 674
672 675
672 676
672 677
677 678
677 679
677 680
677 681
677 682
682 683
682 684
682 685
682 686
682 687
687 688
687 689
687 690
687 691
687 692
692 693
692 694
692 695
692 696
692 697
697 698
697 699
697 700
697 701
697 702
702 703
702 704
702 705
702 706
702 707
707 708
707 709
707 710
707 711
707 712
712 713
712 714
712 715
712 716
712 717
717 718
717 719
717 720
717 721
717 722
722 723
722 724
722 725
722 726
722 727
727 728
727 729
727 730
727 731
727 732
732 733
732 734
732 735
732 736
732 737
737 738
737 739
737 740
737 741
737 742
742 743
742 744
742 745
742 746
742 747
747 748
747 749
747 750
747 751
747 752
752 753
752 754
752 755
752 756
752 757
757 758
757 759
757 760
757 761
757 762
762 763
762 764
762 765
762 766
762 767
767 768
767 769
767 770
767 771
767 772
772 773
772 774
772 775
772 776
772 777
777 778
777 779
777 780
777 781
777 782
782 783
782 784
782 785
782 786
782 787
787 788
787 789
787 790
787 791
787 792
792 793
792 794
792 795
792 796
792 797
797 798
797 799
797 800
797 801
797 802
802 803
802 804
802 805
802 806
802 807
807 808
807 809
807 810
807 811
807 812
812 813
812 814
812 815
812 816
812 817
817 818
817 819
817 820
817 821
817 822
822 823
822 824
822 825
822 826
822 827
827 828
827 829
827 830
827 831
827 832
832 833
832 834
832 835
832 836
832 837
837 838
837 839
837 840
837 841
837 842
842 843
842 844
842 845
842 846
842 847
847 848
847 849
847 850
847 851
847 852
852 853
852 854
852 855
852 856
852 857
857 858
857 859
857 860
857 861
857 862
862 863
862 864
862 865
862 866
862 867
867 868
867 869
867 870
867 871
867 872
872 873
872 874
872 875
872 876
872 877
877 878
877 879
877 880
877 881
877 882
882 883
882 884
882 885
882 886
882 887
887 888
887 889
887 890
887 891
887 892
892 893
892 894
892 895
892 896
892 897
897 898
897 899
897 900
897 901
897 902
902 903
902 904
902 905
902 906
902 907
907 908
907 909
907 910
907 911
907 912
912 913
912 914
912 915
912 916
912 917
917 918
917 919
917 920
917 921
917 922
922 923
922 924
922 925
922 926
922 927
927 928
927 929
927 930
927 931
927 932
932 933
932 934
932 935
932 936
932 937
937 938
937 939
937 940
937 941
937 942
942 943
942 944
942 945
942 946
942 947
947 948
947 949
947 950
947 951
947 952
952 953
952 954
952 955
952 956
952 957
957 958
957 959
957 960
957 961
957 962
962 963
962 964
962 965
962 966
962 967
967 968
967 969
967 970
967 971
967 972
972 973
972 974
972 975
972 976
972 977
977 978
977 979
977 980
977 981
977 982
982 983
982 984
982 985
982 986
982 987
987 988
987 989
987 990
987 991
987 992
992 993
992 994
992 995
992 996
992 997
997 998
997 999
997 1000
997 1001
997 1002
1002 1003
1002 1004
1002 1005
1002 1006
1002 1007
1007 1008
1007 1009
1007 1010
1007 1011
1007 1012
1012 1013
1012 1014
1012 1015
1012 1016
1012 1017
1017 1018
1017 1019
1017 1020
1017 1021
1017 1022
1022 1023
1022 1024
1022 1025
1022 1026
1022 1027
1027 1028
1027 1029
1027 1030
1027 1031
1027 1032
1032 1033
1032 1034
1032 1035
1032 1036
1032 1037
1037 1038
1037 1039
1037 1040
1037 1041
1037 1042
1042 1043
1042 1044
1042 1045
1042 1046
1042 1047
1047 1048
1047 1049
1047 1050
1047 1051
1047 1052
1052 1053
1052 1054
1052 1055
1052 1056
1052 1057
1057 1058
1057 1059
1057 1060
1057 1061
1057 1062
1062 1063
1062 1064
1062 1065
1062 1066
1062 1067
1067 1068
1067 1069
1067 1070
1067 1071
1067 1072
1072 1073
1072 1074
1072 1075
1072 1076
1072 1077
1077 1078
1077 1079
1077 1080
1077 1081
1077 1082
1082 1083
1082 1084
1082 1085
1082 1086
1082 1087
1087 1088
1087 1089
1087 1090
1087 1091
1087 1092
1092 1093
1092 1094
1092 1095
1092 1096
1092 1097
1097 1098
1097 1099
1097 1100
1097 1101
1097 1102
1102 1103
1102 1104
1102 1105
1102 1106
1102 1107
1107 1108
1107 1109
1107 1110
1107 1111
1107 1112
1112 1113
1112 1114
1112 1115
1112 1116
1112 1117
1117 1118
1117 1119
1117 1120
1117 1121
1117 1122
1122 1123
1122 1124
1122 1125
1122 1126
1122 1127
1127 1128
1127 1129
1127 1130
1127 1131
1127 1132
1132 1133
1132 1134
1132 1135
1132 1136
1132 1137
1137 1138
1137 1139
1137 1140
1137 1141
1137 1142
1142 1143
1142 1144
1142 1145
1142 1146
1142 1147
1147 1148
1147 1149
1147 1150
1147 1151
1147 1152
1152 1153
1152 1154
1152 1155
1152 1156
1152 1157
1157 1158
1157 1159
1157 1160
1157 1161
1157 1162
1162 1163
1162 1164
1162 1165
1162 1166
1162 1167
1167 1168
1167 1169
1167 1170
1167 1171
1167 1172
1172 1173
1172 1174
1172 1175
1172 1176
1172 1177
1177 1178
1177 1179
1177 1180
1177 1181
1177 1182
1182 1183
1182 1184
1182 1185
1182 1186
1182 1187
1187 1188
1187 1189
1187 1190
1187 1191
1187 1192
1192 1193
1192 1194
1192 1195
1192 1196
1192 1197
1197 1198
1197 1199
1197 1200
1197 1201
1197 1202
1202 1203
1202 1204
1202 1205
1202 1206
1202 1207
1207 1208
1207 1209
1207 1210
1207 1211
1207 1212
1212 1213
1212 1214
1212 1215
1212 1216
1212 1217
1217 1218
1217 1219
1217 1220
1217 1221
1217 1222
1222 1223
1222 1224
1222 1225
1222 1226
1222 1227
1227 1228
1227 1229
1227 1230
1227 1231
1227 1232
1232 1233
1232 1234
1232 1235
1232 1236
1232 1237
1237 1238
1237 1239
1237 1240
1237 1241
1237 1242
1242 1243
1242 1244
1242 1245
1242 1246
1242 1247
1247 1248
1247 1249
1247 1250
1247 1251
1247 1252
1252 1253
1252 1254
1252 1255
1252 1256
1252 1257
1257 1258
1257 1259
1257 1260
1257 1261
1257 1262
1262 1263
1262 1264
1262 1265
1262 1266
1262 1267
1267 1268
1267 1269
1267 1270
1267 1271
1267 1272
1272 1273
1272 1274
1272 1275
1272 1276
1272 1277
1277 1278
1277 1279
1277 1280
1277 1281
1277 1282
1282 1283
1282 1284
1282 1285
1282 1286
1282 1287
1287 1288
1287 1289
1287 1290
1287 1291
1287 1292
1292 1293
1292 1294
1292 1295
1292 1296
1292 1297
1297 1298
1297 1299
1297 1300
1297 1301
1297 1302
1302 1303
1302 1304
1302 1305
1302 1306
1302 1307
1307 1308
1307 1309
1307 1310
1307 1311
1307 1312
1312 1313
1312 1314
1312 1315
1312 1316
1312 1317
1317 1318
1317 1319
1317 1320
1317 1321
1317 1322
1322 1323
1322 1324
1322 1325
1322 1326
1322 1327
1327 1328
1327 1329
1327 1330
1327 1331
1327 1332
1332 1333
1332 1334
1332 1335
1332 1336
1332 1337
1337 1338
1337 1339
1337 1340
1337 1341
1337 1342
1342 1343
1342 1344
1342 1345
1342 1346
1342 1347
1347 1348
1347 1349
1347 1350
1347 1351
1347 1352
1352 1353
1352 1354
1352 1355
1352 1356
1352 1357
1357 1358
1357 1359
1357 1360
1357 1361
1357 1362
1362 1363
1362 1364
1362 1365
1362 1366
1362 1367
1367 1368
1367 1369
1367 1370
1367 1371
1367 1372
1372 1373
1372 1374
1372 1375
1372 1376
1372 1377
1377 1378
1377 1379
1377 1380
1377 1381
1377 1382
1382 1383
1382 1384
1382 1385
1382 1386
1382 1387
1387 1388
1387 1389
1387 1390
1387 1391
1387 1392
1392 1393
1392 1394
1392 1395
1392 1396
1392 1397
1397 1398
1397 1399
1397 1400
1397 1401
1397 1402
1402 1403
1402 1404
1402 1405
1402 1406
1402 1407
1407 1408
1407 1409
1407 1410
1407 1411
1407 1412
1412 1413
1412 1414
1412 1415
1412 1416
1412 1417
1417 1418
1417 1419
1417 1420
1417 1421
1417 1422
1422 1423
1422 1424
1422 1425
1422 1426
1422 1427
1427 1428
1427 1429
1427 1430
1427 1431
1427 1432
1432 1433
1432 1434
1432 1435
1432 1436
1432 1437
1437 1438
1437 1439
1437 1440
1437 1441
1437 1442
1442 1443
1442 1444
1442 1445
1442 1446
1442 1447
1447 1448
1447 1449
1447 1450
1447 1451
1447 1452
1452 1453
1452 1454
1452 1455
1452 1456
1452 1457
1457 1458
1457 1459
1457 1460
1457 1461
1457 1462
1462 1463
1462 1464
1462 1465
1462 1466
1462 1467
1467 1468
1467 1469
1467 1470
1467 1471
1467 1472
1472 1473
1472 1474
1472 1475
1472 1476
1472 1477
1477 1478
1477 1479
1477 1480
1477 1481
1477 1482
1482 1483
1482 1484
1482 1485
1482 1486
1482 1487
1487 1488
1487 1489
1487 1490
1487 1491
1487 1492
1492 1493
1492 1494
1492 1495
1492 1496
1492 1497
1497 1498
1497 1499
1497 1500
1497 1501
1497 1502
1502 1503
1502 1504
1502 1505
1502 1506
1502 1507
1507 1508
1507 1509
1507 1510
1507 1511
1507 1512
1512 1513
1512 1514
1512 1515
1512 1516
1512 1517
1517 1518
1517 1519
1517 1520
1517 1521
1517 1522
1522 1523
1522 1524
1522 1525
1522 1526
1522 1527
1527 1528
1527 1529
1527 1530
1527 1531
1527 1532
1532 1533
1532 1534
1532 1535
1532 1536
1532 1537
1537 1538
1537 1539
1537 1540
1537 1541
1537 1542
1542 1543
1542 1544
1542 1545
1542 1546
1542 1547
1547 1548
1547 1549
1547 1550
1547 1551
1547 1552
1552 1553
1552 1554
1552 1555
1552 1556
1552 1557
1557 1558
1557 1559
1557 1560
1557 1561
1557 1562
1562 1563
1562 1564
1562 1565
1562 1566
1562 1567
1567 1568
1567 1569
1567 1570
1567 1571
1567 1572
1572 1573
1572 1574
1572 1575
1572 1576
1572 1577
1577 1578
1577 1579
1577 1580
1577 1581
1577 1582
1582 1583
1582 1584
1582 1585
1582 1586
1582 1587
1587 1588
1587 1589
1587 1590
1587 1591
1587 1592
1592 1593
1592 1594
1592 1595
1592 1596
1592 1597
1597 1598
1597 1599
1597 1600
1597 1601
1597 1602
1602 1603
1602 1604
1602 1605
1602 1606
1602 1607
1607 1608
1607 1609
1607 1610
1607 1611
1607 1612
1612 1613
1612 1614
1612 1615
1612 1616
1612 1617
1617 1618
1617 1619
1617 1620
1617 1621
1617 1622
1622 1623
1622 1624
1622 1625
1622 1626
1622 1627
1627 1628
1627 1629
1627 1630
1627 1631
1627 1632
1632 1633
1632 1634
1632 1635
1632 1636
1632 1637
1637 1638
1637 1639
1637 1640
1637 1641
1637 1642
1642 1643
1642 1644
1642 1645
1642 1646
1642 1647
1647 1648
1647 1649
1647 1650
1647 1651
1647 1652
1652 1653
1652 1654
1652 1655
1652 1656
1652 1657
1657 1658
1657 1659
1657 1660
1657 1661
1657 1662
1662 1663
1662 1664
1662 1665
1662 1666
1662 1667
1667 1668
1667 1669
1667 1670
1667 1671
1667 1672
1672 1673
1672 1674
1672 1675
1672 1676
1672 1677
1677 1678
1677 1679
1677 1680
1677 1681
1677 1682
1682 1683
1682 1684
1682 1685
1682 1686
1682 1687
1687 1688
1687 1689
1687 1690
1687 1691
1687 1692
1692 1693
1692 1694
1692 1695
1692 1696
1692 1697
1697 1698
1697 1699
1697 1700
1697 1701
1697 1702
1702 1703
1702 1704
1702 1705
1702 1706
1702 1707
1707 1708
1707 1709
1707 1710
1707 1711
1707 1712
1712 1713
1712 1714
1712 1715
1712 1716
1712 1717
1717 1718
1717 1719
1717 1720
1717 1721
1717 1722
1722 1723
1722 1724
1722 1725
1722 1726
1722 1727
1727 1728
1727 1729
1727 1730
1727 1731
1727 1732
1732 1733
1732 1734
1732 1735
1732 1736
1732 1737
1737 1738
1737 1739
1737 1740
1737 1741
1737 1742
1742 1743
1742 1744
1742 1745
1742 1746
1742 1747
1747 1748
1747 1749
1747 1750
1747 1751
1747 1752
1752 1753
1752 1754
1752 1755
1752 1756
1752 1757
1757 1758
1757 1759
1757 1760
1757 1761
1757 1762
1762 1763
1762 1764
1762 1765
1762 1766
1762 1767
1767 1768
1767 1769
1767 1770
1767 1771
1767 1772
1772 1773
1772 1774
1772 1775
1772 1776
1772 1777
1777 1778
1777 1779
1777 1780
1777 1781
1777 1782
1782 1783
1782 1784
1782 1785
1782 1786
1782 1787
1787 1788
1787 1789
1787 1790
1787 1791
1787 1792
1792 1793
1792 1794
1792 1795
1792 1796
1792 1797
1797 1798
1797 1799
1797 1800
1797 1801
1797 1802
1802 1803
1802 1804
1802 1805
1802 1806
1802 1807
1807 1808
1807 1809
1807 1810
1807 1811
1807 1812
1812 1813
1812 1814
1812 1815
1812 1816
1812 1817
1817 1818
1817 1819
1817 1820
1817 1821
1817 1822
1822 1823
1822 1824
1822 1825
1822 1826
1822 1827
1827 1828
1827 1829
1827 1830
1827 1831
1827 1832
1832 1833
1832 1834
1832 1835
1832 1836
1832 1837
1837 1838
1837 1839
1837 1840
1837 1841
1837 1842
1842 1843
1842 1844
1842 1845
1842 1846
1842 1847
1847 1848
1847 1849
1847 1850
1847 1851
1847 1852
1852 1853
1852 1854
1852 1855
1852 1856
1852 1857
1857 1858
1857 1859
1857 1860
1857 1861
1857 1862
1862 1863
1862 1864
1862 1865
1862 1866
1862 1867
1867 1868
1867 1869
1867 1870
1867 1871
1867 1872
1872 1873
1872 1874
1872 1875
1872 1876
1872 1877
1877 1878
1877 1879
1877 1880
1877 1881
1877 1882
1882 1883
1882 1884
1882 1885
1882 1886
1882 1887
1887 1888
1887 1889
1887 1890
1887 1891
1887 1892
1892 1893
1892 1894
1892 1895
1892 1896
1892 1897
1897 1898
1897 1899
1897 1900
1897 1901
1897 1902
1902 1903
1902 1904
1902 1905
1902 1906
1902 1907
1907 1908
1907 1909
1907 1910
1907 1911
1907 1912
1912 1913
1912 1914
1912 1915
1912 1916
1912 1917
1917 1918
1917 1919
1917 1920
1917 1921
1917 1922
1922 1923
1922 1924
1922 1925
1922 1926
1922 1927
1927 1928
1927 1929
1927 1930
1927 1931
1927 1932
1932 1933
1932 1934
1932 1935
1932 1936
1932 1937
1937 1938
1937 1939
1937 1940
1937 1941
1937 1942
1942 1943
1942 1944
1942 1945
1942 1946
1942 1947
1947 1948
1947 1949
1947 1950
1947 1951
1947 1952
1952 1953
1952 1954
1952 1955
1952 1956
1952 1957
1957 1958
1957 1959
1957 1960
1957 1961
1957 1962
1962 1963
1962 1964
1962 1965
1962 1966
1962 1967
1967 1968
1967 1969
1967 1970
1967 1971
1967 1972
1972 1973
1972 1974
1972 1975
1972 1976
1972 1977
1977 1978
1977 1979
1977 1980
1977 1981
1977 1982
1982 1983
1982 1984
1982 1985
1982 1986
1982 1987
1987 1988
1987 1989
1987 1990
1987 1991
1987 1992
1992 1993
1992 1994
1992 1995
1992 1996
1992 1997
1997 1998
1997 1999
1997 2000
1997 2001
1997 2002
2002 2003
2002 2004
2002 2005
2002 2006
2002 2007
2007 2008
2007 2009
2007 2010
2007 2011
2007 2012
2012 2013
2012 2014
2012 2015
2012 2016
2012 2017
2017 2018
2017 2019
2017 2020
2017 2021
2017 2022
2022 2023
2022 2024
2022 2025
2022 2026
2022 2027
2027 2028
2027 2029
2027 2030
2027 2031
2027 2032
2032 2033
2032 2034
2032 2035
2032 2036
2032 2037
2037 2038
2037 2039
2037 2040
2037 2041
2037 2042
2042 2043
2042 2044
2042 2045
2042 2046
2042 2047
2047 2048
2047 2049
2047 2050
2047 2051
2047 2052
2052 2053
2052 2054
2052 2055
2052 2056
2052 2057
2057 2058
2057 2059
2057 2060
2057 2061
2057 2062
2062 2063
2062 2064
2062 2065
2062 2066
2062 2067
2067 2068
2067 2069
2067 2070
2067 2071
2067 2072
2072 2073
2072 2074
2072 2075
2072 2076
2072 2077
2077 2078
2077 2079
2077 2080
2077 2081
2077 2082
2082 2083
2082 2084
2082 2085
2082 2086
2082 2087
2087 2088
2087 2089
2087 2090
2087 2091
2087 2092
2092 2093
2092 2094
2092 2095
2092 2096
2092 2097
2097 2098
2097 2099
2097 2100
2097 2101
2097 2102
2102 2103
2102 2104
2102 2105
2102 2106
2102 2107
2107 2108
2107 2109
2107 2110
2107 2111
2107 2112
2112 2113
2112 2114
2112 2115
2112 2116
2112 2117
2117 2118
2117 2119
2117 2120
2117 2121
2117 2122
2122 2123
2122 2124
2122 2125
2122 2126
2122 2127
2127 2128
2127 2129
2127 2130
2127 2131
2127 2132
2132 2133
2132 2134
2132 2135
2132 2136
2132 2137
2137 2138
2137 2139
2137 2140
2137 2141
2137 2142
2142 2143
2142 2144
2142 2145
2142 2146
2142 2147
2147 2148
2147 2149
2147 2150
2147 2151
2147 2152
2152 2153
2152 2154
2152 2155
2152 2156
2152 2157
2157 2158
2157 2159
2157 2160
2157 2161
2157 2162
2162 2163
2162 2164
2162 2165
2162 2166
2162 2167
2167 2168
2167 2169
2167 2170
2167 2171
2167 2172
2172 2173
2172 2174
2172 2175
2172 2176
2172 2177
2177 2178
2177 2179
2177 2180
2177 2181
2177 2182
2182 2183
2182 2184
2182 2185
2182 2186
2182 2187
2187 2188
2187 2189
2187 2190
2187 2191
2187 2192
2192 2193
2192 2194
2192 2195
2192 2196
2192 2197
2197 2198
2197 2199
2197 2200
2197 2201
2197 2202
2202 2203
2202 2204
2202 2205
2202 2206
2202 2207
2207 2208
2207 2209
2207 2210
2207 2211
2207 2212
2212 2213
2212 2214
2212 2215
2212 2216
2212 2217
2217 2218
2217 2219
2217 2220
2217 2221
2217 2222
2222 2223
2222 2224
2222 2225
2222 2226
2222 2227
2227 2228
2227 2229
2227 2230
2227 2231
2227 2232
2232 2233
2232 2234
2232 2235
2232 2236
2232 2237
2237 2238
2237 2239
2237 2240
2237 2241
2237 2242
2242 2243
2242 2244
2242 2245
2242 2246
2242 2247
2247 2248
2247 2249
2247 2250
2247 2251
2247 2252
2252 2253
2252 2254
2252 2255
2252 2256
2252 2257
2257 2258
2257 2259
2257 2260
2257 2261
2257 2262
2262 2263
2262 2264
2262 2265
2262 2266
2262 2267
2267 2268
2267 2269
2267 2270
2267 2271
2267 2272
2272 2273
2272 2274
2272 2275
2272 2276
2272 2277
2277 2278
2277 2279
2277 2280
2277 2281
2277 2282
2282 2283
2282 2284
2282 2285
2282 2286
2282 2287
2287 2288
2287 2289
2287 2290
2287 2291
2287 2292
2292 2293
2292 2294
2292 2295
2292 2296
2292 2297
2297 2298
2297 2299
2297 2300
2297 2301
2297 2302
2302 2303
2302 2304
2302 2305
2302 2306
2302 2307
2307 2308
2307 2309
2307 2310
2307 2311
2307 2312
2312 2313
2312 2314
2312 2315
2312 2316
2312 2317
2317 2318
2317 2319
2317 2320
2317 2321
2317 2322
2322 2323
2322 2324
2322 2325
2322 2326
2322 2327
2327 2328
2327 2329
2327 2330
2327 2331
2327 2332
2332 2333
2332 2334
2332 2335
2332 2336
2332 2337
2337 2338
2337 2339
2337 2340
2337 2341
2337 2342
2342 2343
2342 2344
2342 2345
2342 2346
2342 2347
2347 2348
2347 2349
2347 2350
2347 2351
2347 2352
2352 2353
2352 2354
2352 2355
2352 2356
2352 2357
2357 2358
2357 2359
2357 2360
2357 2361
2357 2362
2362 2363
2362 2364
2362 2365
2362 2366
2362 2367
2367 2368
2367 2369
2367 2370
2367 2371
2367 2372
2372 2373
2372 2374
2372 2375
2372 2376
2372 2377
2377 2378
2377 2379
2377 2380
2377 2381
2377 2382
2382 2383
2382 2384
2382 2385
2382 2386
2382 2387
2387 2388
2387 2389
2387 2390
2387 2391
2387 2392
2392 2393
2392 2394
2392 2395
2392 2396
2392 2397
2397 2398
2397 2399
2397 2400
2397 2401
2397 2402
2402 2403
2402 2404
2402 2405
2402 2406
2402 2407
2407 2408
2407 2409
2407 2410
2407 2411
2407 2412
2412 2413
2412 2414
2412 2415
2412 2416
2412 2417
2417 2418
2417 2419
2417 2420
2417 2421
2417 2422
2422 2423
2422 2424
2422 2425
2422 2426
2422 2427
2427 2428
2427 2429
2427 2430
2427 2431
2427 2432
2432 2433
2432 2434
2432 2435
2432 2436
2432 2437
2437 2438
2437 2439
2437 2440
2437 2441
2437 2442
2442 2443
2442 2444
2442 2445
2442 2446
2442 2447
2447 2448
2447 2449
2447 2450
2447 2451
2447 2452
2452 2453
2452 2454
2452 2455
2452 2456
2452 2457
2457 2458
2457 2459
2457 2460
2457 2461
2457 2462
2462 2463
2462 2464
2462 2465
2462 2466
2462 2467
2467 2468
2467 2469
2467 2470
2467 2471
2467 2472
2472 2473
2472 2474
2472 2475
2472 2476
2472 2477
2477 2478
2477 2479
2477 2480
2477 2481
2477 2482
2482 2483
2482 2484
2482 2485
2482 2486
2482 2487
2487 2488
2487 2489
2487 2490
2487 2491
2487 2492
2492 2493
2492 2494
2492 2495
2492 2496
2492 2497
2497 2498
2497 2499
2497 2500
2497 2501
2497 2502
2502 2503
2502 2504
2502 2505
2502 2506
2502 2507
2507 2508
2507 2509
2507 2510
2507 2511
2507 2512
2512 2513
2512 2514
2512 2515
2512 2516
2512 2517
2517 2518
2517 2519
2517 2520
2517 2521
2517 2522
2522 2523
2522 2524
2522 2525
2522 2526
2522 2527
2527 2528
2527 2529
2527 2530
2527 2531
2527 2532
2532 2533
2532 2534
2532 2535
2532 2536
2532 2537
2537 2538
2537 2539
2537 2540
2537 2541
2537 2542
2542 2543
2542 2544
2542 2545
2542 2546
2542 2547
2547 2548
2547 2549
2547 2550
2547 2551
2547 2552
2552 2553
2552 2554
2552 2555
2552 2556
2552 2557
2557 2558
2557 2559
2557 2560
2557 2561
2557 2562
2562 2563
2562 2564
2562 2565
2562 2566
2562 2567
2567 2568
2567 2569
2567 2570
2567 2571
2567 2572
2572 2573
2572 2574
2572 2575
2572 2576
2572 2577
2577 2578
2577 2579
2577 2580
2577 2581
2577 2582
2582 2583
2582 2584
2582 2585
2582 2586
2582 2587
2587 2588
2587 2589
2587 2590
2587 2591
2587 2592
2592 2593
2592 2594
2592 2595
2592 2596
2592 2597
2597 2598
2597 2599
2597 2600
2597 2601
2597 2602
2602 2603
2602 2604
2602 2605
2602 2606
2602 2607
2607 2608
2607 2609
2607 2610
2607 2611
2607 2612
2612 2613
2612 2614
2612 2615
2612 2616
2612 2617
2617 2618
2617 2619
2617 2620
2617 2621
2617 2622
2622 2623
2622 2624
2622 2625
2622 2626
2622 2627
2627 2628
2627 2629
2627 2630
2627 2631
2627 2632
2632 2633
2632 2634
2632 2635
2632 2636
2632 2637
2637 2638
2637 2639
2637 2640
2637 2641
2637 2642
2642 2643
2642 2644
2642 2645
2642 2646
2642 2647
2647 2648
2647 2649
2647 2650
2647 2651
2647 2652
2652 2653
2652 2654
2652 2655
2652 2656
2652 2657
2657 2658
2657 2659
2657 2660
2657 2661
2657 2662
2662 2663
2662 2664
2662 2665
2662 2666
2662 2667
2667 2668
2667 2669
2667 2670
2667 2671
2667 2672
2672 2673
2672 2674
2672 2675
2672 2676
2672 2677
2677 2678
2677 2679
2677 2680
2677 2681
2677 2682
2682 2683
2682 2684
2682 2685
2682 2686
2682 2687
2687 2688
2687 2689
2687 2690
2687 2691
2687 2692
2692 2693
2692 2694
2692 2695
2692 2696
2692 2697
2697 2698
2697 2699
2697 2700
2697 2701
2697 2702
2702 2703
2702 2704
2702 2705
2702 2706
2702 2707
2707 2708
2707 2709
2707 2710
2707 2711
2707 2712
2712 2713
2712 2714
2712 2715
2712 2716
2712 2717
2717 2718
2717 2719
2717 2720
2717 2721
2717 2722
2722 2723
2722 2724
2722 2725
2722 2726
2722 2727
2727 2728
2727 2729
2727 2730
2727 2731
2727 2732
2732 2733
2732 2734
2732 2735
2732 2736
2732 2737
2737 2738
2737 2739
2737 2740
2737 2741
2737 2742
2742 2743
2742 2744
2742 2745
2742 2746
2742 2747
2747 2748
2747 2749
2747 2750
2747 2751
2747 2752
2752 2753
2752 2754
2752 2755
2752 2756
2752 2757
2757 2758
2757 2759
2757 2760
2757 2761
2757 2762
2762 2763
2762 2764
2762 2765
2762 2766
2762 2767
2767 2768
2767 2769
2767 2770
2767 2771
2767 2772
2772 2773
2772 2774
2772 2775
2772 2776
2772 2777
2777 2778
2777 2779
2777 2780
2777 2781
2777 2782
2782 2783
2782 2784
2782 2785
2782 2786
2782 2787
2787 2788
2787 2789
2787 2790
2787 2791
2787 2792
2792 2793
2792 2794
2792 2795
2792 2796
2792 2797
2797 2798
2797 2799
2797 2800
2797 2801
2797 2802
2802 2803
2802 2804
2802 2805
2802 2806
2802 2807
2807 2808
2807 2809
2807 2810
2807 2811
2807 2812
2812 2813
2812 2814
2812 2815
2812 2816
2812 2817
2817 2818
2817 2819
2817 2820
2817 2821
2817 2822
2822 2823
2822 2824
2822 2825
2822 2826
2822 2827
2827 2828
2827 2829
2827 2830
2827 2831
2827 2832
2832 2833
2832 2834
2832 2835
2832 2836
2832 2837
2837 2838
2837 2839
2837 2840
2837 2841
2837 2842
2842 2843
2842 2844
2842 2845
2842 2846
2842 2847
2847 2848
2847 2849
2847 2850
2847 2851
2847 2852
2852 2853
2852 2854
2852 2855
2852 2856
2852 2857
2857 2858
2857 2859
2857 2860
2857 2861
2857 2862
2862 2863
2862 2864
2862 2865
2862 2866
2862 2867
2867 2868
2867 2869
2867 2870
2867 2871
2867 2872
2872 2873
2872 2874
2872 2875
2872 2876
2872 2877
2877 2878
2877 2879
2877 2880
2877 2881
2877 2882
2882 2883
2882 2884
2882 2885
2882 2886
2882 2887
2887 2888
2887 2889
2887 2890
2887 2891
2887 2892
2892 2893
2892 2894
2892 2895
2892 2896
2892 2897
2897 2898
2897 2899
2897 2900
2897 2901
2897 2902
2902 2903
2902 2904
2902 2905
2902 2906
2902 2907
2907 2908
2907 2909
2907 2910
2907 2911
2907 2912
2912 2913
2912 2914
2912 2915
2912 2916
2912 2917
2917 2918
2917 2919
2917 2920
2917 2921
2917 2922
2922 2923
2922 2924
2922 2925
2922 2926
2922 2927
2927 2928
2927 2929
2927 2930
2927 2931
2927 2932
2932 2933
2932 2934
2932 2935
2932 2936
2932 2937
2937 2938
2937 2939
2937 2940
2937 2941
2937 2942
2942 2943
2942 2944
2942 2945
2942 2946
2942 2947
2947 2948
2947 2949
2947 2950
2947 2951
2947 2952
2952 2953
2952 2954
2952 2955
2952 2956
2952 2957
2957 2958
2957 2959
2957 2960
2957 2961
2957 2962
2962 2963
2962 2964
2962 2965
2962 2966
2962 2967
2967 2968
2967 2969
2967 2970
2967 2971
2967 2972
2972 2973
2972 2974
2972 2975
2972 2976
2972 2977
2977 2978
2977 2979
2977 2980
2977 2981
2977 2982
2982 2983
2982 2984
2982 2985
2982 2986
2982 2987
2987 2988
2987 2989
2987 2990
2987 2991
2987 2992
2992 2993
2992 2994
2992 2995
2992 2996
2992 2997
2997 2998
2997 2999
2997 3000
2997 3001
2997 3002
3002 3003
3002 3004
3002 3005
3002 3006
3002 3007
3007 3008
3007 3009
3007 3010
3007 3011
3007 3012
3012 3013
3012 3014
3012 3015
3012 3016
3012 3017
3017 3018
3017 3019
3017 3020
3017 3021
3017 3022
3022 3023
3022 3024
3022 3025
3022 3026
3022 3027
3027 3028
3027 3029
3027 3030
3027 3031
3027 3032
3032 3033
3032 3034
3032 3035
3032 3036
3032 3037
3037 3038
3037 3039
3037 3040
3037 3041
3037 3042
3042 3043
3042 3044
3042 3045
3042 3046
3042 3047
3047 3048
3047 3049
3047 3050
3047 3051
3047 3052
3052 3053
3052 3054
3052 3055
3052 3056
3052 3057
3057 3058
3057 3059
3057 3060
3057 3061
3057 3062
3062 3063
3062 3064
3062 3065
3062 3066
3062 3067
3067 3068
3067 3069
3067 3070
3067 3071
3067 3072
3072 3073
3072 3074
3072 3075
3072 3076
3072 3077
3077 3078
3077 3079
3077 3080
3077 3081
3077 3082
3082 3083
3082 3084
3082 3085
3082 3086
3082 3087
3087 3088
3087 3089
3087 3090
3087 3091
3087 3092
3092 3093
3092 3094
3092 3095
3092 3096
3092 3097
3097 3098
3097 3099
3097 3100
3097 3101
3097 3102
3102 3103
3102 3104
3102 3105
3102 3106
3102 3107
3107 3108
3107 3109
3107 3110
3107 3111
3107 3112
3112 3113
3112 3114
3112 3115
3112 3116
3112 3117
3117 3118
3117 3119
3117 3120
3117 3121
3117 3122
3122 3123
3122 3124
3122 3125
3122 3126
3122 3127
3127 3128
3127 3129
3127 3130
3127 3131
3127 3132
3132 3133
3132 3134
3132 3135
3132 3136
3132 3137
3137 3138
3137 3139
3137 3140
3137 3141
3137 3142
3142 3143
3142 3144
3142 3145
3142 3146
3142 3147
3147 3148
3147 3149
3147 3150
3147 3151
3147 3152
3152 3153
3152 3154
3152 3155
3152 3156
3152 3157
3157 3158
3157 3159
3157 3160
3157 3161
3157 3162
3162 3163
3162 3164
3162 3165
3162 3166
3162 3167
3167 3168
3167 3169
3167 3170
3167 3171
3167 3172
3172 3173
3172 3174
3172 3175
3172 3176
3172 3177
3177 3178
3177 3179
3177 3180
3177 3181
3177 3182
3182 3183
3182 3184
3182 3185
3182 3186
3182 3187
3187 3188
3187 3189
3187 3190
3187 3191
3187 3192
3192 3193
3192 3194
3192 3195
3192 3196
3192 3197
3197 3198
3197 3199
3197 3200
3197 3201
3197 3202
3202 3203
3202 3204
3202 3205
3202 3206
3202 3207
3207 3208
3207 3209
3207 3210
3207 3211
3207 3212
3212 3213
3212 3214
3212 3215
3212 3216
3212 3217
3217 3218
3217 3219
3217 3220
3217 3221
3217 3222
3222 3223
3222 3224
3222 3225
3222 3226
3222 3227
3227 3228
3227 3229
3227 3230
3227 3231
3227 3232
3232 3233
3232 3234
3232 3235
3232 3236
3232 3237
3237 3238
3237 3239
3237 3240
3237 3241
3237 3242
3242 3243
3242 3244
3242 3245
3242 3246
3242 3247
3247 3248
3247 3249
3247 3250
3247 3251
3247 3252
3252 3253
3252 3254
3252 3255
3252 3256
3252 3257
3257 3258
3257 3259
3257 3260
3257 3261
3257 3262
3262 3263
3262 3264
3262 3265
3262 3266
3262 3267
3267 3268
3267 3269
3267 3270
3267 3271
3267 3272
3272 3273
3272 3274
3272 3275
3272 3276
3272 3277
3277 3278
3277 3279
3277 3280
3277 3281
3277 3282
3282 3283
3282 3284
3282 3285
3282 3286
3282 3287
3287 3288
3287 3289
3287 3290
3287 3291
3287 3292
3292 3293
3292 3294
3292 3295
3292 3296
3292 3297
3297 3298
3297 3299
3297 3300
3297 3301
3297 3302
3302 3303
3302 3304
3302 3305
3302 3306
3302 3307
3307 3308
3307 3309
3307 3310
3307 3311
3307 3312
3312 3313
3312 3314
3312 3315
3312 3316
3312 3317
3317 3318
3317 3319
3317 3320
3317 3321
3317 3322
3322 3323
3322 3324
3322 3325
3322 3326
3322 3327
3327 3328
3327 3329
3327 3330
3327 3331
3327 3332
3332 3333
3332 3334
3332 3335
3332 3336
3332 3337
3337 3338
3337 3339
3337 3340
3337 3341
3337 3342
3342 3343
3342 3344
3342 3345
3342 3346
3342 3347
3347 3348
3347 3349
3347 3350
3347 3351
3347 3352
3352 3353
3352 3354
3352 3355
3352 3356
3352 3357
3357 3358
3357 3359
3357 3360
3357 3361
3357 3362
3362 3363
3362 3364
3362 3365
3362 3366
3362 3367
3367 3368
3367 3369
3367 3370
3367 3371
3367 3372
3372 3373
3372 3374
3372 3375
3372 3376
3372 3377
3377 3378
3377 3379
3377 3380
3377 3381
3377 3382
3382 3383
3382 3384
3382 3385
3382 3386
3382 3387
3387 3388
3387 3389
3387 3390
3387 3391
3387 3392
3392 3393
3392 3394
3392 3395
3392 3396
3392 3397
3397 3398
3397 3399
3397 3400
3397 3401
3397 3402
3402 3403
3402 3404
3402 3405
3402 3406
3402 3407
3407 3408
3407 3409
3407 3410
3407 3411
3407 3412
3412 3413
3412 3414
3412 3415
3412 3416
3412 3417
3417 3418
3417 3419
3417 3420
3417 3421
3417 3422
3422 3423
3422 3424
3422 3425
3422 3426
3422 3427
3427 3428
3427 3429
3427 3430
3427 3431
3427 3432
3432 3433
3432 3434
3432 3435
3432 3436
3432 3437
3437 3438
3437 3439
3437 3440
3437 3441
3437 3442
3442 3443
3442 3444
3442 3445
3442 3446
3442 3447
3447 3448
3447 3449
3447 3450
3447 3451
3447 3452
3452 3453
3452 3454
3452 3455
3452 3456
3452 3457
3457 3458
3457 3459
3457 3460
3457 3461
3457 3462
3462 3463
3462 3464
3462 3465
3462 3466
3462 3467
3467 3468
3467 3469
3467 3470
3467 3471
3467 3472
3472 3473
3472 3474
3472 3475
3472 3476
3472 3477
3477 3478
3477 3479
3477 3480
3477 3481
3477 3482
3482 3483
3482 3484
3482 3485
3482 3486
3482 3487
3487 3488
3487 3489
3487 3490
3487 3491
3487 3492
3492 3493
3492 3494
3492 3495
3492 3496
3492 3497
3497 3498
3497 3499
3497 3500
3497 3501
3497 3502
3502 3503
3502 3504
3502 3505
3502 3506
3502 3507
3507 3508
3507 3509
3507 3510
3507 3511
3507 3512
3512 3513
3512 3514
3512 3515
3512 3516
3512 3517
3517 3518
3517 3519
3517 3520
3517 3521
3517 3522
3522 3523
3522 3524
3522 3525
3522 3526
3522 3527
3527 3528
3527 3529
3527 3530
3527 3531
3527 3532
3532 3533
3532 3534
3532 3535
3532 3536
3532 3537
3537 3538
3537 3539
3537 3540
3537 3541
3537 3542
3542 3543
3542 3544
3542 3545
3542 3546
3542 3547
3547 3548
3547 3549
3547 3550
3547 3551
3547 3552
3552 3553
3552 3554
3552 3555
3552 3556
3552 3557
3557 3558
3557 3559
3557 3560
3557 3561
3557 3562
3562 3563
3562 3564
3562 3565
3562 3566
3562 3567
3567 3568
3567 3569
3567 3570
3567 3571
3567 3572
3572 3573
3572 3574
3572 3575
3572 3576
3572 3577
3577 3578
3577 3579
3577 3580
3577 3581
3577 3582
3582 3583
3582 3584
3582 3585
3582 3586
3582 3587
3587 3588
3587 3589
3587 3590
3587 3591
3587 3592
3592 3593
3592 3594
3592 3595
3592 3596
3592 3597
3597 3598
3597 3599
3597 3600
3597 3601
3597 3602
3602 3603
3602 3604
3602 3605
3602 3606
3602 3607
3607 3608
3607 3609
3607 3610
3607 3611
3607 3612
3612 3613
3612 3614
3612 3615
3612 3616
3612 3617
3617 3618
3617 3619
3617 3620
3617 3621
3617 3622
3622 3623
3622 3624
3622 3625
3622 3626
3622 3627
3627 3628
3627 3629
3627 3630
3627 3631
3627 3632
3632 3633
3632 3634
3632 3635
3632 3636
3632 3637
3637 3638
3637 3639
3637 3640
3637 3641
3637 3642
3642 3643
3642 3644
3642 3645
3642 3646
3642 3647
3647 3648
3647 3649
3647 3650
3647 3651
3647 3652
3652 3653
3652 3654
3652 3655
3652 3656
3652 3657
3657 3658
3657 3659
3657 3660
3657 3661
3657 3662
3662 3663
3662 3664
3662 3665
3662 3666
3662 3667
3667 3668
3667 3669
3667 3670
3667 3671
3667 3672
3672 3673
3672 3674
3672 3675
3672 3676
3672 3677
3677 3678
3677 3679
3677 3680
3677 3681
3677 3682
3682 3683
3682 3684
3682 3685
3682 3686
3682 3687
3687 3688
3687 3689
3687 3690
3687 3691
3687 3692
3692 3693
3692 3694
3692 3695
3692 3696
3692 3697
3697 3698
3697 3699
3697 3700
3697 3701
3697 3702
3702 3703
3702 3704
3702 3705
3702 3706
3702 3707
3707 3708
3707 3709
3707 3710
3707 3711
3707 3712
3712 3713
3712 3714
3712 3715
3712 3716
3712 3717
3717 3718
3717 3719
3717 3720
3717 3721
3717 3722
3722 3723
3722 3724
3722 3725
3722 3726
3722 3727
3727 3728
3727 3729
3727 3730
3727 3731
3727 3732
3732 3733
3732 3734
3732 3735
3732 3736
3732 3737
3737 3738
3737 3739
3737 3740
3737 3741
3737 3742
3742 3743
3742 3744
3742 3745
3742 3746
3742 3747
3747 3748
3747 3749
3747 3750
3747 3751
3747 3752
3752 3753
3752 3754
3752 3755
3752 3756
3752 3757
3757 3758
3757 3759
3757 3760
3757 3761
3757 3762
3762 3763
3762 3764
3762 3765
3762 3766
3762 3767
3767 3768
3767 3769
3767 3770
3767 3771
3767 3772
3772 3773
3772 3774
3772 3775
3772 3776
3772 3777
3777 3778
3777 3779
3777 3780
3777 3781
3777 3782
3782 3783
3782 3784
3782 3785
3782 3786
3782 3787
3787 3788
3787 3789
3787 3790
3787 3791
3787 3792
3792 3793
3792 3794
3792 3795
3792 3796
3792 3797
3797 3798
3797 3799
3797 3800
3797 3801
3797 3802
3802 3803
3802 3804
3802 3805
3802 3806
3802 3807
3807 3808
3807 3809
3807 3810
3807 3811
3807 3812
3812 3813
3812 3814
3812 3815
3812 3816
3812 3817
3817 3818
3817 3819
3817 3820
3817 3821
3817 3822
3822 3823
3822 3824
3822 3825
3822 3826
3822 3827
3827 3828
3827 3829
3827 3830
3827 3831
3827 3832
3832 3833
3832 3834
3832 3835
3832 3836
3832 3837
3837 3838
3837 3839
3837 3840
3837 3841
3837 3842
3842 3843
3842 3844
3842 3845
3842 3846
3842 3847
3847 3848
3847 3849
3847 3850
3847 3851
3847 3852
3852 3853
3852 3854
3852 3855
3852 3856
3852 3857
3857 3858
3857 3859
3857 3860
3857 3861
3857 3862
3862 3863
3862 3864
3862 3865
3862 3866
3862 3867
3867 3868
3867 3869
3867 3870
3867 3871
3867 3872
3872 3873
3872 3874
3872 3875
3872 3876
3872 3877
3877 3878
3877 3879
3877 3880
3877 3881
3877 3882
3882 3883
3882 3884
3882 3885
3882 3886
3882 3887
3887 3888
3887 3889
3887 3890
3887 3891
3887 3892
3892 3893
3892 3894
3892 3895
3892 3896
3892 3897
3897 3898
3897 3899
3897 3900
3897 3901
3897 3902
3902 3903
3902 3904
3902 3905
3902 3906
3902 3907
3907 3908
3907 3909
3907 3910
3907 3911
3907 3912
3912 3913
3912 3914
3912 3915
3912 3916
3912 3917
3917 3918
3917 3919
3917 3920
3917 3921
3917 3922
3922 3923
3922 3924
3922 3925
3922 3926
3922 3927
3927 3928
3927 3929
3927 3930
3927 3931
3927 3932
3932 3933
3932 3934
3932 3935
3932 3936
3932 3937
3937 3938
3937 3939
3937 3940
3937 3941
3937 3942
3942 3943
3942 3944
3942 3945
3942 3946
3942 3947
3947 3948
3947 3949
3947 3950
3947 3951
3947 3952
3952 3953
3952 3954
3952 3955
3952 3956
3952 3957
3957 3958
3957 3959
3957 3960
3957 3961
3957 3962
3962 3963
3962 3964
3962 3965
3962 3966
3962 3967
3967 3968
3967 3969
3967 3970
3967 3971
3967 3972
3972 3973
3972 3974
3972 3975
3972 3976
3972 3977
3977 3978
3977 3979
3977 3980
3977 3981
3977 3982
3982 3983
3982 3984
3982 3985
3982 3986
3982 3987
3987 3988
3987 3989
3987 3990
3987 3991
3987 3992
3992 3993
3992 3994
3992 3995
3992 3996
3992 3997
3997 3998
3997 3999
3997 4000
3997 4001
3997 4002
4002 4003
4002 4004
4002 4005
4002 4006
4002 4007
4007 4008
4007 4009
4007 4010
4007 4011
4007 4012
4012 4013
4012 4014
4012 4015
4012 4016
4012 4017
4017 4018
4017 4019
4017 4020
4017 4021
4017 4022
4022 4023
4022 4024
4022 4025
4022 4026
4022 4027
4027 4028
4027 4029
4027 4030
4027 4031
4027 4032
4032 4033
4032 4034
4032 4035
4032 4036
4032 4037
4037 4038
4037 4039
4037 4040
4037 4041
4037 4042
4042 4043
4042 4044
4042 4045
4042 4046
4042 4047
4047 4048
4047 4049
4047 4050
4047 4051
4047 4052
4052 4053
4052 4054
4052 4055
4052 4056
4052 4057
4057 4058
4057 4059
4057 4060
4057 4061
4057 4062
4062 4063
4062 4064
4062 4065
4062 4066
4062 4067
4067 4068
4067 4069
4067 4070
4067 4071
4067 4072
4072 4073
4072 4074
4072 4075
4072 4076
4072 4077
4077 4078
4077 4079
4077 4080
4077 4081
4077 4082
4082 4083
4082 4084
4082 4085
4082 4086
4082 4087
4087 4088
4087 4089
4087 4090
4087 4091
4087 4092
4092 4093
4092 4094
4092 4095
4092 4096
4092 4097
4097 4098
4097 4099
4097 4100
4097 4101
4097 4102
4102 4103
4102 4104
4102 4105
4102 4106
4102 4107
4107 4108
4107 4109
4107 4110
4107 4111
4107 4112
4112 4113
4112 4114
4112 4115
4112 4116
4112 4117
4117 4118
4117 4119
4117 4120
4117 4121
4117 4122
4122 4123
4122 4124
4122 4125
4122 4126
4122 4127
4127 4128
4127 4129
4127 4130
4127 4131
4127 4132
4132 4133
4132 4134
4132 4135
4132 4136
4132 4137
4137 4138
4137 4139
4137 4140
4137 4141
4137 4142
4142 4143
4142 4144
4142 4145
4142 4146
4142 4147
4147 4148
4147 4149
4147 4150
4147 4151
4147 4152
4152 4153
4152 4154
4152 4155
4152 4156
4152 4157
4157 4158
4157 4159
4157 4160
4157 4161
4157 4162
4162 4163
4162 4164
4162 4165
4162 4166
4162 4167
4167 4168
4167 4169
4167 4170
4167 4171
4167 4172
4172 4173
4172 4174
4172 4175
4172 4176
4172 4177
4177 4178
4177 4179
4177 4180
4177 4181
4177 4182
4182 4183
4182 4184
4182 4185
4182 4186
4182 4187
4187 4188
4187 4189
4187 4190
4187 4191
4187 4192
4192 4193
4192 4194
4192 4195
4192 4196
4192 4197
4197 4198
4197 4199
4197 4200
4197 4201
4197 4202
4202 4203
4202 4204
4202 4205
4202 4206
4202 4207
4207 4208
4207 4209
4207 4210
4207 4211
4207 4212
4212 4213
4212 4214
4212 4215
4212 4216
4212 4217
4217 4218
4217 4219
4217 4220
4217 4221
4217 4222
4222 4223
4222 4224
4222 4225
4222 4226
4222 4227
4227 4228
4227 4229
4227 4230
4227 4231
4227 4232
4232 4233
4232 4234
4232 4235
4232 4236
4232 4237
4237 4238
4237 4239
4237 4240
4237 4241
4237 4242
4242 4243
4242 4244
4242 4245
4242 4246
4242 4247
4247 4248
4247 4249
4247 4250
4247 4251
4247 4252
4252 4253
4252 4254
4252 4255
4252 4256
4252 4257
4257 4258
4257 4259
4257 4260
4257 4261
4257 4262
4262 4263
4262 4264
4262 4265
4262 4266
4262 4267
4267 4268
4267 4269
4267 4270
4267 4271
4267 4272
4272 4273
4272 4274
4272 4275
4272 4276
4272 4277
4277 4278
4277 4279
4277 4280
4277 4281
4277 4282
4282 4283
4282 4284
4282 4285
4282 4286
4282 4287
4287 4288
4287 4289
4287 4290
4287 4291
4287 4292
4292 4293
4292 4294
4292 4295
4292 4296
4292 4297
4297 4298
4297 4299
4297 4300
4297 4301
4297 4302
4302 4303
4302 4304
4302 4305
4302 4306
4302 4307
4307 4308
4307 4309
4307 4310
4307 4311
4307 4312
4312 4313
4312 4314
4312 4315
4312 4316
4312 4317
4317 4318
4317 4319
4317 4320
4317 4321
4317 4322
4322 4323
4322 4324
4322 4325
4322 4326
4322 4327
4327 4328
4327 4329
4327 4330
4327 4331
4327 4332
4332 4333
4332 4334
4332 4335
4332 4336
4332 4337
4337 4338
4337 4339
4337 4340
4337 4341
4337 4342
4342 4343
4342 4344
4342 4345
4342 4346
4342 4347
4347 4348
4347 4349
4347 4350
4347 4351
4347 4352
4352 4353
4352 4354
4352 4355
4352 4356
4352 4357
4357 4358
4357 4359
4357 4360
4357 4361
4357 4362
4362 4363
4362 4364
4362 4365
4362 4366
4362 4367
4367 4368
4367 4369
4367 4370
4367 4371
4367 4372
4372 4373
4372 4374
4372 4375
4372 4376
4372 4377
4377 4378
4377 4379
4377 4380
4377 4381
4377 4382
4382 4383
4382 4384
4382 4385
4382 4386
4382 4387
4387 4388
4387 4389
4387 4390
4387 4391
4387 4392
4392 4393
4392 4394
4392 4395
4392 4396
4392 4397
4397 4398
4397 4399
4397 4400
4397 4401
4397 4402
4402 4403
4402 4404
4402 4405
4402 4406
4402 4407
4407 4408
4407 4409
4407 4410
4407 4411
4407 4412
4412 4413
4412 4414
4412 4415
4412 4416
4412 4417
4417 4418
4417 4419
4417 4420
4417 4421
4417 4422
4422 4423
4422 4424
4422 4425
4422 4426
4422 4427
4427 4428
4427 4429
4427 4430
4427 4431
4427 4432
4432 4433
4432 4434
4432 4435
4432 4436
4432 4437
4437 4438
4437 4439
4437 4440
4437 4441
4437 4442
4442 4443
4442 4444
4442 4445
4442 4446
4442 4447
4447 4448
4447 4449
4447 4450
4447 4451
4447 4452
4452 4453
4452 4454
4452 4455
4452 4456
4452 4457
4457 4458
4457 4459
4457 4460
4457 4461
4457 4462
4462 4463
4462 4464
4462 4465
4462 4466
4462 4467
4467 4468
4467 4469
4467 4470
4467 4471
4467 4472
4472 4473
4472 4474
4472 4475
4472 4476
4472 4477
4477 4478
4477 4479
4477 4480
4477 4481
4477 4482
4482 4483
4482 4484
4482 4485
4482 4486
4482 4487
4487 4488
4487 4489
4487 4490
4487 4491
4487 4492
4492 4493
4492 4494
4492 4495
4492 4496
4492 4497
4497 4498
4497 4499
4497 4500
4497 4501
4497 4502
4502 4503
4502 4504
4502 4505
4502 4506
4502 4507
4507 4508
4507 4509
4507 4510
4507 4511
4507 4512
4512 4513
4512 4514
4512 4515
4512 4516
4512 4517
4517 4518
4517 4519
4517 4520
4517 4521
4517 4522
4522 4523
4522 4524
4522 4525
4522 4526
4522 4527
4527 4528
4527 4529
4527 4530
4527 4531
4527 4532
4532 4533
4532 4534
4532 4535
4532 4536
4532 4537
4537 4538
4537 4539
4537 4540
4537 4541
4537 4542
4542 4543
4542 4544
4542 4545
4542 4546
4542 4547
4547 4548
4547 4549
4547 4550
4547 4551
4547 4552
4552 4553
4552 4554
4552 4555
4552 4556
4552 4557
4557 4558
4557 4559
4557 4560
4557 4561
4557 4562
4562 4563
4562 4564
4562 4565
4562 4566
4562 4567
4567 4568
4567 4569
4567 4570
4567 4571
4567 4572
4572 4573
4572 4574
4572 4575
4572 4576
4572 4577
4577 4578
4577 4579
4577 4580
4577 4581
4577 4582
4582 4583
4582 4584
4582 4585
4582 4586
4582 4587
4587 4588
4587 4589
4587 4590
4587 4591
4587 4592
4592 4593
4592 4594
4592 4595
4592 4596
4592 4597
4597 4598
4597 4599
4597 4600
4597 4601
4597 4602
4602 4603
4602 4604
4602 4605
4602 4606
4602 4607
4607 4608
4607 4609
4607 4610
4607 4611
4607 4612
4612 4613
4612 4614
4612 4615
4612 4616
4612 4617
4617 4618
4617 4619
4617 4620
4617 4621
4617 4622
4622 4623
4622 4624
4622 4625
4622 4626
4622 4627
4627 4628
4627 4629
4627 4630
4627 4631
4627 4632
4632 4633
4632 4634
4632 4635
4632 4636
4632 4637
4637 4638
4637 4639
4637 4640
4637 4641
4637 4642
4642 4643
4642 4644
4642 4645
4642 4646
4642 4647
4647 4648
4647 4649
4647 4650
4647 4651
4647 4652
4652 4653
4652 4654
4652 4655
4652 4656
4652 4657
4657 4658
4657 4659
4657 4660
4657 4661
4657 4662
4662 4663
4662 4664
4662 4665
4662 4666
4662 4667
4667 4668
4667 4669
4667 4670
4667 4671
4667 4672
4672 4673
4672 4674
4672 4675
4672 4676
4672 4677
4677 4678
4677 4679
4677 4680
4677 4681
4677 4682
4682 4683
4682 4684
4682 4685
4682 4686
4682 4687
4687 4688
4687 4689
4687 4690
4687 4691
4687 4692
4692 4693
4692 4694
4692 4695
4692 4696
4692 4697
4697 4698
4697 4699
4697 4700
4697 4701
4697 4702
4702 4703
4702 4704
4702 4705
4702 4706
4702 4707
4707 4708
4707 4709
4707 4710
4707 4711
4707 4712
4712 4713
4712 4714
4712 4715
4712 4716
4712 4717
4717 4718
4717 4719
4717 4720
4717 4721
4717 4722
4722 4723
4722 4724
4722 4725
4722 4726
4722 4727
4727 4728
4727 4729
4727 4730
4727 4731
4727 4732
4732 4733
4732 4734
4732 4735
4732 4736
4732 4737
4737 4738
4737 4739
4737 4740
4737 4741
4737 4742
4742 4743
4742 4744
4742 4745
4742 4746
4742 4747
4747 4748
4747 4749
4747 4750
4747 4751
4747 4752
4752 4753
4752 4754
4752 4755
4752 4756
4752 4757
4757 4758
4757 4759
4757 4760
4757 4761
4757 4762
4762 4763
4762 4764
4762 4765
4762 4766
4762 4767
4767 4768
4767 4769
4767 4770
4767 4771
4767 4772
4772 4773
4772 4774
4772 4775
4772 4776
4772 4777
4777 4778
4777 4779
4777 4780
4777 4781
4777 4782
4782 4783
4782 4784
4782 4785
4782 4786
4782 4787
4787 4788
4787 4789
4787 4790
4787 4791
4787 4792
4792 4793
4792 4794
4792 4795
4792 4796
4792 4797
4797 4798
4797 4799
4797 4800
4797 4801
4797 4802
4802 4803
4802 4804
4802 4805
4802 4806
4802 4807
4807 4808
4807 4809
4807 4810
4807 4811
4807 4812
4812 4813
4812 4814
4812 4815
4812 4816
4812 4817
4817 4818
4817 4819
4817 4820
4817 4821
4817 4822
4822 4823
4822 4824
4822 4825
4822 4826
4822 4827
4827 4828
4827 4829
4827 4830
4827 4831
4827 4832
4832 4833
4832 4834
4832 4835
4832 4836
4832 4837
4837 4838
4837 4839
4837 4840
4837 4841
4837 4842
4842 4843
4842 4844
4842 4845
4842 4846
4842 4847
4847 4848
4847 4849
4847 4850
4847 4851
4847 4852
4852 4853
4852 4854
4852 4855
4852 4856
4852 4857
4857 4858
4857 4859
4857 4860
4857 4861
4857 4862
4862 4863
4862 4864
4862 4865
4862 4866
4862 4867
4867 4868
4867 4869
4867 4870
4867 4871
4867 4872
4872 4873
4872 4874
4872 4875
4872 4876
4872 4877
4877 4878
4877 4879
4877 4880
4877 4881
4877 4882
4882 4883
4882 4884
4882 4885
4882 4886
4882 4887
4887 4888
4887 4889
4887 4890
4887 4891
4887 4892
4892 4893
4892 4894
4892 4895
4892 4896
4892 4897
4897 4898
4897 4899
4897 4900
4897 4901
4897 4902
4902 4903
4902 4904
4902 4905
4902 4906
4902 4907
4907 4908
4907 4909
4907 4910
4907 4911
4907 4912
4912 4913
4912 4914
4912 4915
4912 4916
4912 4917
4917 4918
4917 4919
4917 4920
4917 4921
4917 4922
4922 4923
4922 4924
4922 4925
4922 4926
4922 4927
4927 4928
4927 4929
4927 4930
4927 4931
4927 4932
4932 4933
4932 4934
4932 4935
4932 4936
4932 4937
4937 4938
4937 4939
4937 4940
4937 4941
4937 4942
4942 4943
4942 4944
4942 4945
4942 4946
4942 4947
4947 4948
4947 4949
4947 4950
4947 4951
4947 4952
4952 4953
4952 4954
4952 4955
4952 4956
4952 4957
4957 4958
4957 4959
4957 4960
4957 4961
4957 4962
4962 4963
4962 4964
4962 4965
4962 4966
4962 4967
4967 4968
4967 4969
4967 4970
4967 4971
4967 4972
4972 4973
4972 4974
4972 4975
4972 4976
4972 4977
4977 4978
4977 4979
4977 4980
4977 4981
4977 4982
4982 4983
4982 4984
4982 4985
4982 4986
4982 4987
4987 4988
4987 4989
4987 4990
4987 4991
4987 4992
4992 4993
4992 4994
4992 4995
4992 4996
4992 4997
4997 4998
4997 4999
4997 5000
4997 5001
4997 5002
5002 5003
5002 5004
5002 5005
5002 5006
5002 5007
5007 5008
5007 5009
5007 5010
5007 5011
5007 5012
5012 5013
5012 5014
5012 5015
5012 5016
5012 5017
5017 5018
5017 5019
5017 5020
5017 5021
5017 5022
5022 5023
5022 5024
5022 5025
5022 5026
5022 5027
5027 5028
5027 5029
5027 5030
5027 5031
5027 5032
5032 5033
5032 5034
5032 5035
5032 5036
5032 5037
5037 5038
5037 5039
5037 5040
5037 5041
5037 5042
5042 5043
5042 5044
5042 5045
5042 5046
5042 5047
5047 5048
5047 5049
5047 5050
5047 5051
5047 5052
5052 5053
5052 5054
5052 5055
5052 5056
5052 5057
5057 5058
5057 5059
5057 5060
5057 5061
5057 5062
5062 5063
5062 5064
5062 5065
5062 5066
5062 5067
5067 5068
5067 5069
5067 5070
5067 5071
5067 5072
5072 5073
5072 5074
5072 5075
5072 5076
5072 5077
5077 5078
5077 5079
5077 5080
5077 5081
5077 5082
5082 5083
5082 5084
5082 5085
5082 5086
5082 5087
5087 5088
5087 5089
5087 5090
5087 5091
5087 5092
5092 5093
5092 5094
5092 5095
5092 5096
5092 5097
5097 5098
5097 5099
5097 5100
5097 5101
5097 5102
5102 5103
5102 5104
5102 5105
5102 5106
5102 5107
5107 5108
5107 5109
5107 5110
5107 5111
5107 5112
5112 5113
5112 5114
5112 5115
5112 5116
5112 5117
5117 5118
5117 5119
5117 5120
5117 5121
5117 5122
5122 5123
5122 5124
5122 5125
5122 5126
5122 5127
5127 5128
5127 5129
5127 5130
5127 5131
5127 5132
5132 5133
5132 5134
5132 5135
5132 5136
5132 5137
5137 5138
5137 5139
5137 5140
5137 5141
5137 5142
5142 5143
5142 5144
5142 5145
5142 5146
5142 5147
5147 5148
5147 5149
5147 5150
5147 5151
5147 5152
5152 5153
5152 5154
5152 5155
5152 5156
5152 5157
5157 5158
5157 5159
5157 5160
5157 5161
5157 5162
5162 5163
5162 5164
5162 5165
5162 5166
5162 5167
5167 5168
5167 5169
5167 5170
5167 5171
5167 5172
5172 5173
5172 5174
5172 5175
5172 5176
5172 5177
5177 5178
5177 5179
5177 5180
5177 5181
5177 5182
5182 5183
5182 5184
5182 5185
5182 5186
5182 5187
5187 5188
5187 5189
5187 5190
5187 5191
5187 5192
5192 5193
5192 5194
5192 5195
5192 5196
5192 5197
5197 5198
5197 5199
5197 5200
5197 5201
5197 5202
5202 5203
5202 5204
5202 5205
5202 5206
5202 5207
5207 5208
5207 5209
5207 5210
5207 5211
5207 5212
5212 5213
5212 5214
5212 5215
5212 5216
5212 5217
5217 5218
5217 5219
5217 5220
5217 5221
5217 5222
5222 5223
5222 5224
5222 5225
5222 5226
5222 5227
5227 5228
5227 5229
5227 5230
5227 5231
5227 5232
5232 5233
5232 5234
5232 5235
5232 5236
5232 5237
5237 5238
5237 5239
5237 5240
5237 5241
5237 5242
5242 5243
5242 5244
5242 5245
5242 5246
5242 5247
5247 5248
5247 5249
5247 5250
5247 5251
5247 5252
5252 5253
5252 5254
5252 5255
5252 5256
5252 5257
5257 5258
5257 5259
5257 5260
5257 5261
5257 5262
5262 5263
5262 5264
5262 5265
5262 5266
5262 5267
5267 5268
5267 5269
5267 5270
5267 5271
5267 5272
5272 5273
5272 5274
5272 5275
5272 5276
5272 5277
5277 5278
5277 5279
5277 5280
5277 5281
5277 5282
5282 5283
5282 5284
5282 5285
5282 5286
5282 5287
5287 5288
5287 5289
5287 5290
5287 5291
5287 5292
5292 5293
5292 5294
5292 5295
5292 5296
5292 5297
5297 5298
5297 5299
5297 5300
5297 5301
5297 5302
5302 5303
5302 5304
5302 5305
5302 5306
5302 5307
5307 5308
5307 5309
5307 5310
5307 5311
5307 5312
5312 5313
5312 5314
5312 5315
5312 5316
5312 5317
5317 5318
5317 5319
5317 5320
5317 5321
5317 5322
5322 5323
5322 5324
5322 5325
5322 5326
5322 5327
5327 5328
5327 5329
5327 5330
5327 5331
5327 5332
5332 5333
5332 5334
5332 5335
5332 5336
5332 5337
5337 5338
5337 5339
5337 5340
5337 5341
5337 5342
5342 5343
5342 5344
5342 5345
5342 5346
5342 5347
5347 5348
5347 5349
5347 5350
5347 5351
5347 5352
5352 5353
5352 5354
5352 5355
5352 5356
5352 5357
5357 5358
5357 5359
5357 5360
5357 5361
5357 5362
5362 5363
5362 5364
5362 5365
5362 5366
5362 5367
5367 5368
5367 5369
5367 5370
5367 5371
5367 5372
5372 5373
5372 5374
5372 5375
5372 5376
5372 5377
5377 5378
5377 5379
5377 5380
5377 5381
5377 5382
5382 5383
5382 5384
5382 5385
5382 5386
5382 5387
5387 5388
5387 5389
5387 5390
5387 5391
5387 5392
5392 5393
5392 5394
5392 5395
5392 5396
5392 5397
5397 5398
5397 5399
5397 5400
5397 5401
5397 5402
5402 5403
5402 5404
5402 5405
5402 5406
5402 5407
5407 5408
5407 5409
5407 5410
5407 5411
5407 5412
5412 5413
5412 5414
5412 5415
5412 5416
5412 5417
5417 5418
5417 5419
5417 5420
5417 5421
5417 5422
5422 5423
5422 5424
5422 5425
5422 5426
5422 5427
5427 5428
5427 5429
5427 5430
5427 5431
5427 5432
5432 5433
5432 5434
5432 5435
5432 5436
5432 5437
5437 5438
5437 5439
5437 5440
5437 5441
5437 5442
5442 5443
5442 5444
5442 5445
5442 5446
5442 5447
5447 5448
5447 5449
5447 5450
5447 5451
5447 5452
5452 5453
5452 5454
5452 5455
5452 5456
5452 5457
5457 5458
5457 5459
5457 5460
5457 5461
5457 5462
5462 5463
5462 5464
5462 5465
5462 5466
5462 5467
5467 5468
5467 5469
5467 5470
5467 5471
5467 5472
5472 5473
5472 5474
5472 5475
5472 5476
5472 5477
5477 5478
5477 5479
5477 5480
5477 5481
5477 5482
5482 5483
5482 5484
5482 5485
5482 5486
5482 5487
5487 5488
5487 5489
5487 5490
5487 5491
5487 5492
5492 5493
5492 5494
5492 5495
5492 5496
5492 5497
5497 5498
5497 5499
5497 5500
5497 5501
5497 5502
5502 5503
5502 5504
5502 5505
5502 5506
5502 5507
5507 5508
5507 5509
5507 5510
5507 5511
5507 5512
5512 5513
5512 5514
5512 5515
5512 5516
5512 5517
5517 5518
5517 5519
5517 5520
5517 5521
5517 5522
5522 5523
5522 5524
5522 5525
5522 5526
5522 5527
5527 5528
5527 5529
5527 5530
5527 5531
5527 5532
5532 5533
5532 5534
5532 5535
5532 5536
5532 5537
5537 5538
5537 5539
5537 5540
5537 5541
5537 5542
5542 5543
5542 5544
5542 5545
5542 5546
5542 5547
5547 5548
5547 5549
5547 5550
5547 5551
5547 5552
5552 5553
5552 5554
5552 5555
5552 5556
5552 5557
5557 5558
5557 5559
5557 5560
5557 5561
5557 5562
5562 5563
5562 5564
5562 5565
5562 5566
5562 5567
5567 5568
5567 5569
5567 5570
5567 5571
5567 5572
5572 5573
5572 5574
5572 5575
5572 5576
5572 5577
5577 5578
5577 5579
5577 5580
5577 5581
5577 5582
5582 5583
5582 5584
5582 5585
5582 5586
5582 5587
5587 5588
5587 5589
5587 5590
5587 5591
5587 5592
5592 5593
5592 5594
5592 5595
5592 5596
5592 5597
5597 5598
5597 5599
5597 5600
5597 5601
5597 5602
5602 5603
5602 5604
5602 5605
5602 5606
5602 5607
5607 5608
5607 5609
5607 5610
5607 5611
5607 5612
5612 5613
5612 5614
5612 5615
5612 5616
5612 5617
5617 5618
5617 5619
5617 5620
5617 5621
5617 5622
5622 5623
5622 5624
5622 5625
5622 5626
5622 5627
5627 5628
5627 5629
5627 5630
5627 5631
5627 5632
5632 5633
5632 5634
5632 5635
5632 5636
5632 5637
5637 5638
5637 5639
5637 5640
5637 5641
5637 5642
5642 5643
5642 5644
5642 5645
5642 5646
5642 5647
5647 5648
5647 5649
5647 5650
5647 5651
5647 5652
5652 5653
5652 5654
5652 5655
5652 5656
5652 5657
5657 5658
5657 5659
5657 5660
5657 5661
5657 5662
5662 5663
5662 5664
5662 5665
5662 5666
5662 5667
5667 5668
5667 5669
5667 5670
5667 5671
5667 5672
5672 5673
5672 5674
5672 5675
5672 5676
5672 5677
5677 5678
5677 5679
5677 5680
5677 5681
5677 5682
5682 5683
5682 5684
5682 5685
5682 5686
5682 5687
5687 5688
5687 5689
5687 5690
5687 5691
5687 5692
5692 5693
5692 5694
5692 5695
5692 5696
5692 5697
5697 5698
5697 5699
5697 5700
5697 5701
5697 5702
5702 5703
5702 5704
5702 5705
5702 5706
5702 5707
5707 5708
5707 5709
5707 5710
5707 5711
5707 5712
5712 5713
5712 5714
5712 5715
5712 5716
5712 5717
5717 5718
5717 5719
5717 5720
5717 5721
5717 5722
5722 5723
5722 5724
5722 5725
5722 5726
5722 5727
5727 5728
5727 5729
5727 5730
5727 5731
5727 5732
5732 5733
5732 5734
5732 5735
5732 5736
5732 5737
5737 5738
5737 5739
5737 5740
5737 5741
5737 5742
5742 5743
5742 5744
5742 5745
5742 5746
5742 5747
5747 5748
5747 5749
5747 5750
5747 5751
5747 5752
5752 5753
5752 5754
5752 5755
5752 5756
5752 5757
5757 5758
5757 5759
5757 5760
5757 5761
5757 5762
5762 5763
5762 5764
5762 5765
5762 5766
5762 5767
5767 5768
5767 5769
5767 5770
5767 5771
5767 5772
5772 5773
5772 5774
5772 5775
5772 5776
5772 5777
5777 5778
5777 5779
5777 5780
5777 5781
5777 5782
5782 5783
5782 5784
5782 5785
5782 5786
5782 5787
5787 5788
5787 5789
5787 5790
5787 5791
5787 5792
5792 5793
5792 5794
5792 5795
5792 5796
5792 5797
5797 5798
5797 5799
5797 5800
5797 5801
5797 5802
5802 5803
5802 5804
5802 5805
5802 5806
5802 5807
5807 5808
5807 5809
5807 5810
5807 5811
5807 5812
5812 5813
5812 5814
5812 5815
5812 5816
5812 5817
5817 5818
5817 5819
5817 5820
5817 5821
5817 5822
5822 5823
5822 5824
5822 5825
5822 5826
5822 5827
5827 5828
5827 5829
5827 5830
5827 5831
5827 5832
5832 5833
5832 5834
5832 5835
5832 5836
5832 5837
5837 5838
5837 5839
5837 5840
5837 5841
5837 5842
5842 5843
5842 5844
5842 5845
5842 5846
5842 5847
5847 5848
5847 5849
5847 5850
5847 5851
5847 5852
5852 5853
5852 5854
5852 5855
5852 5856
5852 5857
5857 5858
5857 5859
5857 5860
5857 5861
5857 5862
5862 5863
5862 5864
5862 5865
5862 5866
5862 5867
5867 5868
5867 5869
5867 5870
5867 5871
5867 5872
5872 5873
5872 5874
5872 5875
5872 5876
5872 5877
5877 5878
5877 5879
5877 5880
5877 5881
5877 5882
5882 5883
5882 5884
5882 5885
5882 5886
5882 5887
5887 5888
5887 5889
5887 5890
5887 5891
5887 5892
5892 5893
5892 5894
5892 5895
5892 5896
5892 5897
5897 5898
5897 5899
5897 5900
5897 5901
5897 5902
5902 5903
5902 5904
5902 5905
5902 5906
5902 5907
5907 5908
5907 5909
5907 5910
5907 5911
5907 5912
5912 5913
5912 5914
5912 5915
5912 5916
5912 5917
5917 5918
5917 5919
5917 5920
5917 5921
5917 5922
5922 5923
5922 5924
5922 5925
5922 5926
5922 5927
5927 5928
5927 5929
5927 5930
5927 5931
5927 5932
5932 5933
5932 5934
5932 5935
5932 5936
5932 5937
5937 5938
5937 5939
5937 5940
5937 5941
5937 5942
5942 5943
5942 5944
5942 5945
5942 5946
5942 5947
5947 5948
5947 5949
5947 5950
5947 5951
5947 5952
5952 5953
5952 5954
5952 5955
5952 5956
5952 5957
5957 5958
5957 5959
5957 5960
5957 5961
5957 5962
5962 5963
5962 5964
5962 5965
5962 5966
5962 5967
5967 5968
5967 5969
5967 5970
5967 5971
5967 5972
5972 5973
5972 5974
5972 5975
5972 5976
5972 5977
5977 5978
5977 5979
5977 5980
5977 5981
5977 5982
5982 5983
5982 5984
5982 5985
5982 5986
5982 5987
5987 5988
5987 5989
5987 5990
5987 5991
5987 5992
5992 5993
5992 5994
5992 5995
5992 5996
5992 5997
5997 5998
5997 5999
5997 6000
5997 6001
5997 6002
6002 6003
6002 6004
6002 6005
6002 6006
6002 6007
6007 6008
6007 6009
6007 6010
6007 6011
6007 6012
6012 6013
6012 6014
6012 6015
6012 6016
6012 6017
6017 6018
6017 6019
6017 6020
6017 6021
6017 6022
6022 6023
6022 6024
6022 6025
6022 6026
6022 6027
6027 6028
6027 6029
6027 6030
6027 6031
6027 6032
6032 6033
6032 6034
6032 6035
6032 6036
6032 6037
6037 6038
6037 6039
6037 6040
6037 6041
6037 6042
6042 6043
6042 6044
6042 6045
6042 6046
6042 6047
6047 6048
6047 6049
6047 6050
6047 6051
6047 6052
6052 6053
6052 6054
6052 6055
6052 6056
6052 6057
6057 6058
6057 6059
6057 6060
6057 6061
6057 6062
6062 6063
6062 6064
6062 6065
6062 6066
6062 6067
6067 6068
6067 6069
6067 6070
6067 6071
6067 6072
6072 6073
6072 6074
6072 6075
6072 6076
6072 6077
6077 6078
6077 6079
6077 6080
6077 6081
6077 6082
6082 6083
6082 6084
6082 6085
6082 6086
6082 6087
6087 6088
6087 6089
6087 6090
6087 6091
6087 6092
6092 6093
6092 6094
6092 6095
6092 6096
6092 6097
6097 6098
6097 6099
6097 6100
6097 6101
6097 6102
6102 6103
6102 6104
6102 6105
6102 6106
6102 6107
6107 6108
6107 6109
6107 6110
6107 6111
6107 6112
6112 6113
6112 6114
6112 6115
6112 6116
6112 6117
6117 6118
6117 6119
6117 6120
6117 6121
6117 6122
6122 6123
6122 6124
6122 6125
6122 6126
6122 6127
6127 6128
6127 6129
6127 6130
6127 6131
6127 6132
6132 6133
6132 6134
6132 6135
6132 6136
6132 6137
6137 6138
6137 6139
6137 6140
6137 6141
6137 6142
6142 6143
6142 6144
6142 6145
6142 6146
6142 6147
6147 6148
6147 6149
6147 6150
6147 6151
6147 6152
6152 6153
6152 6154
6152 6155
6152 6156
6152 6157
6157 6158
6157 6159
6157 6160
6157 6161
6157 6162
6162 6163
6162 6164
6162 6165
6162 6166
6162 6167
6167 6168
6167 6169
6167 6170
6167 6171
6167 6172
6172 6173
6172 6174
6172 6175
6172 6176
6172 6177
6177 6178
6177 6179
6177 6180
6177 6181
6177 6182
6182 6183
6182 6184
6182 6185
6182 6186
6182 6187
6187 6188
6187 6189
6187 6190
6187 6191
6187 6192
6192 6193
6192 6194
6192 6195
6192 6196
6192 6197
6197 6198
6197 6199
6197 6200
6197 6201
6197 6202
6202 6203
6202 6204
6202 6205
6202 6206
6202 6207
6207 6208
6207 6209
6207 6210
6207 6211
6207 6212
6212 6213
6212 6214
6212 6215
6212 6216
6212 6217
6217 6218
6217 6219
6217 6220
6217 6221
6217 6222
6222 6223
6222 6224
6222 6225
6222 6226
6222 6227
6227 6228
6227 6229
6227 6230
6227 6231
6227 6232
6232 6233
6232 6234
6232 6235
6232 6236
6232 6237
6237 6238
6237 6239
6237 6240
6237 6241
6237 6242
6242 6243
6242 6244
6242 6245
6242 6246
6242 6247
6247 6248
6247 6249
6247 6250
6247 6251
6247 6252
6252 6253
6252 6254
6252 6255
6252 6256
6252 6257
6257 6258
6257 6259
6257 6260
6257 6261
6257 6262
6262 6263
6262 6264
6262 6265
6262 6266
6262 6267
6267 6268
6267 6269
6267 6270
6267 6271
6267 6272
6272 6273
6272 6274
6272 6275
6272 6276
6272 6277
6277 6278
6277 6279
6277 6280
6277 6281
6277 6282
6282 6283
6282 6284
6282 6285
6282 6286
6282 6287
6287 6288
6287 6289
6287 6290
6287 6291
6287 6292
6292 6293
6292 6294
6292 6295
6292 6296
6292 6297
6297 6298
6297 6299
6297 6300
6297 6301
6297 6302
6302 6303
6302 6304
6302 6305
6302 6306
6302 6307
6307 6308
6307 6309
6307 6310
6307 6311
6307 6312
6312 6313
6312 6314
6312 6315
6312 6316
6312 6317
6317 6318
6317 6319
6317 6320
6317 6321
6317 6322
6322 6323
6322 6324
6322 6325
6322 6326
6322 6327
6327 6328
6327 6329
6327 6330
6327 6331
6327 6332
6332 6333
6332 6334
6332 6335
6332 6336
6332 6337
6337 6338
6337 6339
6337 6340
6337 6341
6337 6342
6342 6343
6342 6344
6342 6345
6342 6346
6342 6347
6347 6348
6347 6349
6347 6350
6347 6351
6347 6352
6352 6353
6352 6354
6352 6355
6352 6356
6352 6357
6357 6358
6357 6359
6357 6360
6357 6361
6357 6362
6362 6363
6362 6364
6362 6365
6362 6366
6362 6367
6367 6368
6367 6369
6367 6370
6367 6371
6367 6372
6372 6373
6372 6374
6372 6375
6372 6376
6372 6377
6377 6378
6377 6379
6377 6380
6377 6381
6377 6382
6382 6383
6382 6384
6382 6385
6382 6386
6382 6387
6387 6388
6387 6389
6387 6390
6387 6391
6387 6392
6392 6393
6392 6394
6392 6395
6392 6396
6392 6397
6397 6398
6397 6399
6397 6400
6397 6401
6397 6402
6402 6403
6402 6404
6402 6405
6402 6406
6402 6407
6407 6408
6407 6409
6407 6410
6407 6411
6407 6412
6412 6413
6412 6414
6412 6415
6412 6416
6412 6417
6417 6418
6417 6419
6417 6420
6417 6421
6417 6422
6422 6423
6422 6424
6422 6425
6422 6426
6422 6427
6427 6428
6427 6429
6427 6430
6427 6431
6427 6432
6432 6433
6432 6434
6432 6435
6432 6436
6432 6437
6437 6438
6437 6439
6437 6440
6437 6441
6437 6442
6442 6443
6442 6444
6442 6445
6442 6446
6442 6447
6447 6448
6447 6449
6447 6450
6447 6451
6447 6452
6452 6453
6452 6454
6452 6455
6452 6456
6452 6457
6457 6458
6457 6459
6457 6460
6457 6461
6457 6462
6462 6463
6462 6464
6462 6465
6462 6466
6462 6467
6467 6468
6467 6469
6467 6470
6467 6471
6467 6472
6472 6473
6472 6474
6472 6475
6472 6476
6472 6477
6477 6478
6477 6479
6477 6480
6477 6481
6477 6482
6482 6483
6482 6484
6482 6485
6482 6486
6482 6487
6487 6488
6487 6489
6487 6490
6487 6491
6487 6492
6492 6493
6492 6494
6492 6495
6492 6496
6492 6497
6497 6498
6497 6499
6497 6500
6497 6501
6497 6502
6502 6503
6502 6504
6502 6505
6502 6506
6502 6507
6507 6508
6507 6509
6507 6510
6507 6511
6507 6512
6512 6513
6512 6514
6512 6515
6512 6516
6512 6517
6517 6518
6517 6519
6517 6520
6517 6521
6517 6522
6522 6523
6522 6524
6522 6525
6522 6526
6522 6527
6527 6528
6527 6529
6527 6530
6527 6531
6527 6532
6532 6533
6532 6534
6532 6535
6532 6536
6532 6537
6537 6538
6537 6539
6537 6540
6537 6541
6537 6542
6542 6543
6542 6544
6542 6545
6542 6546
6542 6547
6547 6548
6547 6549
6547 6550
6547 6551
6547 6552
6552 6553
6552 6554
6552 6555
6552 6556
6552 6557
6557 6558
6557 6559
6557 6560
6557 6561
6557 6562
6562 6563
6562 6564
6562 6565
6562 6566
6562 6567
6567 6568
6567 6569
6567 6570
6567 6571
6567 6572
6572 6573
6572 6574
6572 6575
6572 6576
6572 6577
6577 6578
6577 6579
6577 6580
6577 6581
6577 6582
6582 6583
6582 6584
6582 6585
6582 6586
6582 6587
6587 6588
6587 6589
6587 6590
6587 6591
6587 6592
6592 6593
6592 6594
6592 6595
6592 6596
6592 6597
6597 6598
6597 6599
6597 6600
6597 6601
6597 6602
6602 6603
6602 6604
6602 6605
6602 6606
6602 6607
6607 6608
6607 6609
6607 6610
6607 6611
6607 6612
6612 6613
6612 6614
6612 6615
6612 6616
6612 6617
6617 6618
6617 6619
6617 6620
6617 6621
6617 6622
6622 6623
6622 6624
6622 6625
6622 6626
6622 6627
6627 6628
6627 6629
6627 6630
6627 6631
6627 6632
6632 6633
6632 6634
6632 6635
6632 6636
6632 6637
6637 6638
6637 6639
6637 6640
6637 6641
6637 6642
6642 6643
6642 6644
6642 6645
6642 6646
6642 6647
6647 6648
6647 6649
6647 6650
6647 6651
6647 6652
6652 6653
6652 6654
6652 6655
6652 6656
6652 6657
6657 6658
6657 6659
6657 6660
6657 6661
6657 6662
6662 6663
6662 6664
6662 6665
6662 6666
6662 6667
6667 6668
6667 6669
6667 6670
6667 6671
6667 6672
6672 6673
6672 6674
6672 6675
6672 6676
6672 6677
6677 6678
6677 6679
6677 6680
6677 6681
6677 6682
6682 6683
6682 6684
6682 6685
6682 6686
6682 6687
6687 6688
6687 6689
6687 6690
6687 6691
6687 6692
6692 6693
6692 6694
6692 6695
6692 6696
6692 6697
6697 6698
6697 6699
6697 6700
6697 6701
6697 6702
6702 6703
6702 6704
6702 6705
6702 6706
6702 6707
6707 6708
6707 6709
6707 6710
6707 6711
6707 6712
6712 6713
6712 6714
6712 6715
6712 6716
6712 6717
6717 6718
6717 6719
6717 6720
6717 6721
6717 6722
6722 6723
6722 6724
6722 6725
6722 6726
6722 6727
6727 6728
6727 6729
6727 6730
6727 6731
6727 6732
6732 6733
6732 6734
6732 6735
6732 6736
6732 6737
6737 6738
6737 6739
6737 6740
6737 6741
6737 6742
6742 6743
6742 6744
6742 6745
6742 6746
6742 6747
6747 6748
6747 6749
6747 6750
6747 6751
6747 6752
6752 6753
6752 6754
6752 6755
6752 6756
6752 6757
6757 6758
6757 6759
6757 6760
6757 6761
6757 6762
6762 6763
6762 6764
6762 6765
6762 6766
6762 6767
6767 6768
6767 6769
6767 6770
6767 6771
6767 6772
6772 6773
6772 6774
6772 6775
6772 6776
6772 6777
6777 6778
6777 6779
6777 6780
6777 6781
6777 6782
6782 6783
6782 6784
6782 6785
6782 6786
6782 6787
6787 6788
6787 6789
6787 6790
6787 6791
6787 6792
6792 6793
6792 6794
6792 6795
6792 6796
6792 6797
6797 6798
6797 6799
6797 6800
6797 6801
6797 6802
6802 6803
6802 6804
6802 6805
6802 6806
6802 6807
6807 6808
6807 6809
6807 6810
6807 6811
6807 6812
6812 6813
6812 6814
6812 6815
6812 6816
6812 6817
6817 6818
6817 6819
6817 6820
6817 6821
6817 6822
6822 6823
6822 6824
6822 6825
6822 6826
6822 6827
6827 6828
6827 6829
6827 6830
6827 6831
6827 6832
6832 6833
6832 6834
6832 6835
6832 6836
6832 6837
6837 6838
6837 6839
6837 6840
6837 6841
6837 6842
6842 6843
6842 6844
6842 6845
6842 6846
6842 6847
6847 6848
6847 6849
6847 6850
6847 6851
6847 6852
6852 6853
6852 6854
6852 6855
6852 6856
6852 6857
6857 6858
6857 6859
6857 6860
6857 6861
6857 6862
6862 6863
6862 6864
6862 6865
6862 6866
6862 6867
6867 6868
6867 6869
6867 6870
6867 6871
6867 6872
6872 6873
6872 6874
6872 6875
6872 6876
6872 6877
6877 6878
6877 6879
6877 6880
6877 6881
6877 6882
6882 6883
6882 6884
6882 6885
6882 6886
6882 6887
6887 6888
6887 6889
6887 6890
6887 6891
6887 6892
6892 6893
6892 6894
6892 6895
6892 6896
6892 6897
6897 6898
6897 6899
6897 6900
6897 6901
6897 6902
6902 6903
6902 6904
6902 6905
6902 6906
6902 6907
6907 6908
6907 6909
6907 6910
6907 6911
6907 6912
6912 6913
6912 6914
6912 6915
6912 6916
6912 6917
6917 6918
6917 6919
6917 6920
6917 6921
6917 6922
6922 6923
6922 6924
6922 6925
6922 6926
6922 6927
6927 6928
6927 6929
6927 6930
6927 6931
6927 6932
6932 6933
6932 6934
6932 6935
6932 6936
6932 6937
6937 6938
6937 6939
6937 6940
6937 6941
6937 6942
6942 6943
6942 6944
6942 6945
6942 6946
6942 6947
6947 6948
6947 6949
6947 6950
6947 6951
6947 6952
6952 6953
6952 6954
6952 6955
6952 6956
6952 6957
6957 6958
6957 6959
6957 6960
6957 6961
6957 6962
6962 6963
6962 6964
6962 6965
6962 6966
6962 6967
6967 6968
6967 6969
6967 6970
6967 6971
6967 6972
6972 6973
6972 6974
6972 6975
6972 6976
6972 6977
6977 6978
6977 6979
6977 6980
6977 6981
6977 6982
6982 6983
6982 6984
6982 6985
6982 6986
6982 6987
6987 6988
6987 6989
6987 6990
6987 6991
6987 6992
6992 6993
6992 6994
6992 6995
6992 6996
6992 6997
6997 6998
6997 6999
6997 7000
6997 7001
6997 7002
7002 7003
7002 7004
7002 7005
7002 7006
7002 7007
7007 7008
7007 7009
7007 7010
7007 7011
7007 7012
7012 7013
7012 7014
7012 7015
7012 7016
7012 7017
7017 7018
7017 7019
7017 7020
7017 7021
7017 7022
7022 7023
7022 7024
7022 7025
7022 7026
7022 7027
7027 7028
7027 7029
7027 7030
7027 7031
7027 7032
7032 7033
7032 7034
7032 7035
7032 7036
7032 7037
7037 7038
7037 7039
7037 7040
7037 7041
7037 7042
7042 7043
7042 7044
7042 7045
7042 7046
7042 7047
7047 7048
7047 7049
7047 7050
7047 7051
7047 7052
7052 7053
7052 7054
7052 7055
7052 7056
7052 7057
7057 7058
7057 7059
7057 7060
7057 7061
7057 7062
7062 7063
7062 7064
7062 7065
7062 7066
7062 7067
7067 7068
7067 7069
7067 7070
7067 7071
7067 7072
7072 7073
7072 7074
7072 7075
7072 7076
7072 7077
7077 7078
7077 7079
7077 7080
7077 7081
7077 7082
7082 7083
7082 7084
7082 7085
7082 7086
7082 7087
7087 7088
7087 7089
7087 7090
7087 7091
7087 7092
7092 7093
7092 7094
7092 7095
7092 7096
7092 7097
7097 7098
7097 7099
7097 7100
7097 7101
7097 7102
7102 7103
7102 7104
7102 7105
7102 7106
7102 7107
7107 7108
7107 7109
7107 7110
7107 7111
7107 7112
7112 7113
7112 7114
7112 7115
7112 7116
7112 7117
7117 7118
7117 7119
7117 7120
7117 7121
7117 7122
7122 7123
7122 7124
7122 7125
7122 7126
7122 7127
7127 7128
7127 7129
7127 7130
7127 7131
7127 7132
7132 7133
7132 7134
7132 7135
7132 7136
7132 7137
7137 7138
7137 7139
7137 7140
7137 7141
7137 7142
7142 7143
7142 7144
7142 7145
7142 7146
7142 7147
7147 7148
7147 7149
7147 7150
7147 7151
7147 7152
7152 7153
7152 7154
7152 7155
7152 7156
7152 7157
7157 7158
7157 7159
7157 7160
7157 7161
7157 7162
7162 7163
7162 7164
7162 7165
7162 7166
7162 7167
7167 7168
7167 7169
7167 7170
7167 7171
7167 7172
7172 7173
7172 7174
7172 7175
7172 7176
7172 7177
7177 7178
7177 7179
7177 7180
7177 7181
7177 7182
7182 7183
7182 7184
7182 7185
7182 7186
7182 7187
7187 7188
7187 7189
7187 7190
7187 7191
7187 7192
7192 7193
7192 7194
7192 7195
7192 7196
7192 7197
7197 7198
7197 7199
7197 7200
7197 7201
7197 7202
7202 7203
7202 7204
7202 7205
7202 7206
7202 7207
7207 7208
7207 7209
7207 7210
7207 7211
7207 7212
7212 7213
7212 7214
7212 7215
7212 7216
7212 7217
7217 7218
7217 7219
7217 7220
7217 7221
7217 7222
7222 7223
7222 7224
7222 7225
7222 7226
7222 7227
7227 7228
7227 7229
7227 7230
7227 7231
7227 7232
7232 7233
7232 7234
7232 7235
7232 7236
7232 7237
7237 7238
7237 7239
7237 7240
7237 7241
7237 7242
7242 7243
7242 7244
7242 7245
7242 7246
7242 7247
7247 7248
7247 7249
7247 7250
7247 7251
7247 7252
7252 7253
7252 7254
7252 7255
7252 7256
7252 7257
7257 7258
7257 7259
7257 7260
7257 7261
7257 7262
7262 7263
7262 7264
7262 7265
7262 7266
7262 7267
7267 7268
7267 7269
7267 7270
7267 7271
7267 7272
7272 7273
7272 7274
7272 7275
7272 7276
7272 7277
7277 7278
7277 7279
7277 7280
7277 7281
7277 7282
7282 7283
7282 7284
7282 7285
7282 7286
7282 7287
7287 7288
7287 7289
7287 7290
7287 7291
7287 7292
7292 7293
7292 7294
7292 7295
7292 7296
7292 7297
7297 7298
7297 7299
7297 7300
7297 7301
7297 7302
7302 7303
7302 7304
7302 7305
7302 7306
7302 7307
7307 7308
7307 7309
7307 7310
7307 7311
7307 7312
7312 7313
7312 7314
7312 7315
7312 7316
7312 7317
7317 7318
7317 7319
7317 7320
7317 7321
7317 7322
7322 7323
7322 7324
7322 7325
7322 7326
7322 7327
7327 7328
7327 7329
7327 7330
7327 7331
7327 7332
7332 7333
7332 7334
7332 7335
7332 7336
7332 7337
7337 7338
7337 7339
7337 7340
7337 7341
7337 7342
7342 7343
7342 7344
7342 7345
7342 7346
7342 7347
7347 7348
7347 7349
7347 7350
7347 7351
7347 7352
7352 7353
7352 7354
7352 7355
7352 7356
7352 7357
7357 7358
7357 7359
7357 7360
7357 7361
7357 7362
7362 7363
7362 7364
7362 7365
7362 7366
7362 7367
7367 7368
7367 7369
7367 7370
7367 7371
7367 7372
7372 7373
7372 7374
7372 7375
7372 7376
7372 7377
7377 7378
7377 7379
7377 7380
7377 7381
7377 7382
7382 7383
7382 7384
7382 7385
7382 7386
7382 7387
7387 7388
7387 7389
7387 7390
7387 7391
7387 7392
7392 7393
7392 7394
7392 7395
7392 7396
7392 7397
7397 7398
7397 7399
7397 7400
7397 7401
7397 7402
7402 7403
7402 7404
7402 7405
7402 7406
7402 7407
7407 7408
7407 7409
7407 7410
7407 7411
7407 7412
7412 7413
7412 7414
7412 7415
7412 7416
7412 7417
7417 7418
7417 7419
7417 7420
7417 7421
7417 7422
7422 7423
7422 7424
7422 7425
7422 7426
7422 7427
7427 7428
7427 7429
7427 7430
7427 7431
7427 7432
7432 7433
7432 7434
7432 7435
7432 7436
7432 7437
7437 7438
7437 7439
7437 7440
7437 7441
7437 7442
7442 7443
7442 7444
7442 7445
7442 7446
7442 7447
7447 7448
7447 7449
7447 7450
7447 7451
7447 7452
7452 7453
7452 7454
7452 7455
7452 7456
7452 7457
7457 7458
7457 7459
7457 7460
7457 7461
7457 7462
7462 7463
7462 7464
7462 7465
7462 7466
7462 7467
7467 7468
7467 7469
7467 7470
7467 7471
7467 7472
7472 7473
7472 7474
7472 7475
7472 7476
7472 7477
7477 7478
7477 7479
7477 7480
7477 7481
7477 7482
7482 7483
7482 7484
7482 7485
7482 7486
7482 7487
7487 7488
7487 7489
7487 7490
7487 7491
7487 7492
7492 7493
7492 7494
7492 7495
7492 7496
7492 7497
7497 7498
7497 7499
7497 7500
7497 7501
7497 7502
7502 7503
7502 7504
7502 7505
7502 7506
7502 7507
7507 7508
7507 7509
7507 7510
7507 7511
7507 7512
7512 7513
7512 7514
7512 7515
7512 7516
7512 7517
7517 7518
7517 7519
7517 7520
7517 7521
7517 7522
7522 7523
7522 7524
7522 7525
7522 7526
7522 7527
7527 7528
7527 7529
7527 7530
7527 7531
7527 7532
7532 7533
7532 7534
7532 7535
7532 7536
7532 7537
7537 7538
7537 7539
7537 7540
7537 7541
7537 7542
7542 7543
7542 7544
7542 7545
7542 7546
7542 7547
7547 7548
7547 7549
7547 7550
7547 7551
7547 7552
7552 7553
7552 7554
7552 7555
7552 7556
7552 7557
7557 7558
7557 7559
7557 7560
7557 7561
7557 7562
7562 7563
7562 7564
7562 7565
7562 7566
7562 7567
7567 7568
7567 7569
7567 7570
7567 7571
7567 7572
7572 7573
7572 7574
7572 7575
7572 7576
7572 7577
7577 7578
7577 7579
7577 7580
7577 7581
7577 7582
7582 7583
7582 7584
7582 7585
7582 7586
7582 7587
7587 7588
7587 7589
7587 7590
7587 7591
7587 7592
7592 7593
7592 7594
7592 7595
7592 7596
7592 7597
7597 7598
7597 7599
7597 7600
7597 7601
7597 7602
7602 7603
7602 7604
7602 7605
7602 7606
7602 7607
7607 7608
7607 7609
7607 7610
7607 7611
7607 7612
7612 7613
7612 7614
7612 7615
7612 7616
7612 7617
7617 7618
7617 7619
7617 7620
7617 7621
7617 7622
7622 7623
7622 7624
7622 7625
7622 7626
7622 7627
7627 7628
7627 7629
7627 7630
7627 7631
7627 7632
7632 7633
7632 7634
7632 7635
7632 7636
7632 7637
7637 7638
7637 7639
7637 7640
7637 7641
7637 7642
7642 7643
7642 7644
7642 7645
7642 7646
7642 7647
7647 7648
7647 7649
7647 7650
7647 7651
7647 7652
7652 7653
7652 7654
7652 7655
7652 7656
7652 7657
7657 7658
7657 7659
7657 7660
7657 7661
7657 7662
7662 7663
7662 7664
7662 7665
7662 7666
7662 7667
7667 7668
7667 7669
7667 7670
7667 7671
7667 7672
7672 7673
7672 7674
7672 7675
7672 7676
7672 7677
7677 7678
7677 7679
7677 7680
7677 7681
7677 7682
7682 7683
7682 7684
7682 7685
7682 7686
7682 7687
7687 7688
7687 7689
7687 7690
7687 7691
7687 7692
7692 7693
7692 7694
7692 7695
7692 7696
7692 7697
7697 7698
7697 7699
7697 7700
7697 7701
7697 7702
7702 7703
7702 7704
7702 7705
7702 7706
7702 7707
7707 7708
7707 7709
7707 7710
7707 7711
7707 7712
7712 7713
7712 7714
7712 7715
7712 7716
7712 7717
7717 7718
7717 7719
7717 7720
7717 7721
7717 7722
7722 7723
7722 7724
7722 7725
7722 7726
7722 7727
7727 7728
7727 7729
7727 7730
7727 7731
7727 7732
7732 7733
7732 7734
7732 7735
7732 7736
7732 7737
7737 7738
7737 7739
7737 7740
7737 7741
7737 7742
7742 7743
7742 7744
7742 7745
7742 7746
7742 7747
7747 7748
7747 7749
7747 7750
7747 7751
7747 7752
7752 7753
7752 7754
7752 7755
7752 7756
7752 7757
7757 7758
7757 7759
7757 7760
7757 7761
7757 7762
7762 7763
7762 7764
7762 7765
7762 7766
7762 7767
7767 7768
7767 7769
7767 7770
7767 7771
7767 7772
7772 7773
7772 7774
7772 7775
7772 7776
7772 7777
7777 7778
7777 7779
7777 7780
7777 7781
7777 7782
7782 7783
7782 7784
7782 7785
7782 7786
7782 7787
7787 7788
7787 7789
7787 7790
7787 7791
7787 7792
7792 7793
7792 7794
7792 7795
7792 7796
7792 7797
7797 7798
7797 7799
7797 7800
7797 7801
7797 7802
7802 7803
7802 7804
7802 7805
7802 7806
7802 7807
7807 7808
7807 7809
7807 7810
7807 7811
7807 7812
7812 7813
7812 7814
7812 7815
7812 7816
7812 7817
7817 7818
7817 7819
7817 7820
7817 7821
7817 7822
7822 7823
7822 7824
7822 7825
7822 7826
7822 7827
7827 7828
7827 7829
7827 7830
7827 7831
7827 7832
7832 7833
7832 7834
7832 7835
7832 7836
7832 7837
7837 7838
7837 7839
7837 7840
7837 7841
7837 7842
7842 7843
7842 7844
7842 7845
7842 7846
7842 7847
7847 7848
7847 7849
7847 7850
7847 7851
7847 7852
7852 7853
7852 7854
7852 7855
7852 7856
7852 7857
7857 7858
7857 7859
7857 7860
7857 7861
7857 7862
7862 7863
7862 7864
7862 7865
7862 7866
7862 7867
7867 7868
7867 7869
7867 7870
7867 7871
7867 7872
7872 7873
7872 7874
7872 7875
7872 7876
7872 7877
7877 7878
7877 7879
7877 7880
7877 7881
7877 7882
7882 7883
7882 7884
7882 7885
7882 7886
7882 7887
7887 7888
7887 7889
7887 7890
7887 7891
7887 7892
7892 7893
7892 7894
7892 7895
7892 7896
7892 7897
7897 7898
7897 7899
7897 7900
7897 7901
7897 7902
7902 7903
7902 7904
7902 7905
7902 7906
7902 7907
7907 7908
7907 7909
7907 7910
7907 7911
7907 7912
7912 7913
7912 7914
7912 7915
7912 7916
7912 7917
7917 7918
7917 7919
7917 7920
7917 7921
7917 7922
7922 7923
7922 7924
7922 7925
7922 7926
7922 7927
7927 7928
7927 7929
7927 7930
7927 7931
7927 7932
7932 7933
7932 7934
7932 7935
7932 7936
7932 7937
7937 7938
7937 7939
7937 7940
7937 7941
7937 7942
7942 7943
7942 7944
7942 7945
7942 7946
7942 7947
7947 7948
7947 7949
7947 7950
7947 7951
7947 7952
7952 7953
7952 7954
7952 7955
7952 7956
7952 7957
7957 7958
7957 7959
7957 7960
7957 7961
7957 7962
7962 7963
7962 7964
7962 7965
7962 7966
7962 7967
7967 7968
7967 7969
7967 7970
7967 7971
7967 7972
7972 7973
7972 7974
7972 7975
7972 7976
7972 7977
7977 7978
7977 7979
7977 7980
7977 7981
7977 7982
7982 7983
7982 7984
7982 7985
7982 7986
7982 7987
7987 7988
7987 7989
7987 7990
7987 7991
7987 7992
7992 7993
7992 7994
7992 7995
7992 7996
7992 7997
7997 7998
7997 7999
7997 8000
7997 8001
7997 8002
8002 8003
8002 8004
8002 8005
8002 8006
8002 8007
8007 8008
8007 8009
8007 8010
8007 8011
8007 8012
8012 8013
8012 8014
8012 8015
8012 8016
8012 8017
8017 8018
8017 8019
8017 8020
8017 8021
8017 8022
8022 8023
8022 8024
8022 8025
8022 8026
8022 8027
8027 8028
8027 8029
8027 8030
8027 8031
8027 8032
8032 8033
8032 8034
8032 8035
8032 8036
8032 8037
8037 8038
8037 8039
8037 8040
8037 8041
8037 8042
8042 8043
8042 8044
8042 8045
8042 8046
8042 8047
8047 8048
8047 8049
8047 8050
8047 8051
8047 8052
8052 8053
8052 8054
8052 8055
8052 8056
8052 8057
8057 8058
8057 8059
8057 8060
8057 8061
8057 8062
8062 8063
8062 8064
8062 8065
8062 8066
8062 8067
8067 8068
8067 8069
8067 8070
8067 8071
8067 8072
8072 8073
8072 8074
8072 8075
8072 8076
8072 8077
8077 8078
8077 8079
8077 8080
8077 8081
8077 8082
8082 8083
8082 8084
8082 8085
8082 8086
8082 8087
8087 8088
8087 8089
8087 8090
8087 8091
8087 8092
8092 8093
8092 8094
8092 8095
8092 8096
8092 8097
8097 8098
8097 8099
8097 8100
8097 8101
8097 8102
8102 8103
8102 8104
8102 8105
8102 8106
8102 8107
8107 8108
8107 8109
8107 8110
8107 8111
8107 8112
8112 8113
8112 8114
8112 8115
8112 8116
8112 8117
8117 8118
8117 8119
8117 8120
8117 8121
8117 8122
8122 8123
8122 8124
8122 8125
8122 8126
8122 8127
8127 8128
8127 8129
8127 8130
8127 8131
8127 8132
8132 8133
8132 8134
8132 8135
8132 8136
8132 8137
8137 8138
8137 8139
8137 8140
8137 8141
8137 8142
8142 8143
8142 8144
8142 8145
8142 8146
8142 8147
8147 8148
8147 8149
8147 8150
8147 8151
8147 8152
8152 8153
8152 8154
8152 8155
8152 8156
8152 8157
8157 8158
8157 8159
8157 8160
8157 8161
8157 8162
8162 8163
8162 8164
8162 8165
8162 8166
8162 8167
8167 8168
8167 8169
8167 8170
8167 8171
8167 8172
8172 8173
8172 8174
8172 8175
8172 8176
8172 8177
8177 8178
8177 8179
8177 8180
8177 8181
8177 8182
8182 8183
8182 8184
8182 8185
8182 8186
8182 8187
8187 8188
8187 8189
8187 8190
8187 8191
8187 8192
8192 8193
8192 8194
8192 8195
8192 8196
8192 8197
8197 8198
8197 8199
8197 8200
8197 8201
8197 8202
8202 8203
8202 8204
8202 8205
8202 8206
8202 8207
8207 8208
8207 8209
8207 8210
8207 8211
8207 8212
8212 8213
8212 8214
8212 8215
8212 8216
8212 8217
8217 8218
8217 8219
8217 8220
8217 8221
8217 8222
8222 8223
8222 8224
8222 8225
8222 8226
8222 8227
8227 8228
8227 8229
8227 8230
8227 8231
8227 8232
8232 8233
8232 8234
8232 8235
8232 8236
8232 8237
8237 8238
8237 8239
8237 8240
8237 8241
8237 8242
8242 8243
8242 8244
8242 8245
8242 8246
8242 8247
8247 8248
8247 8249
8247 8250
8247 8251
8247 8252
8252 8253
8252 8254
8252 8255
8252 8256
8252 8257
8257 8258
8257 8259
8257 8260
8257 8261
8257 8262
8262 8263
8262 8264
8262 8265
8262 8266
8262 8267
8267 8268
8267 8269
8267 8270
8267 8271
8267 8272
8272 8273
8272 8274
8272 8275
8272 8276
8272 8277
8277 8278
8277 8279
8277 8280
8277 8281
8277 8282
8282 8283
8282 8284
8282 8285
8282 8286
8282 8287
8287 8288
8287 8289
8287 8290
8287 8291
8287 8292
8292 8293
8292 8294
8292 8295
8292 8296
8292 8297
8297 8298
8297 8299
8297 8300
8297 8301
8297 8302
8302 8303
8302 8304
8302 8305
8302 8306
8302 8307
8307 8308
8307 8309
8307 8310
8307 8311
8307 8312
8312 8313
8312 8314
8312 8315
8312 8316
8312 8317
8317 8318
8317 8319
8317 8320
8317 8321
8317 8322
8322 8323
8322 8324
8322 8325
8322 8326
8322 8327
8327 8328
8327 8329
8327 8330
8327 8331
8327 8332
8332 8333
8332 8334
8332 8335
8332 8336
8332 8337
8337 8338
8337 8339
8337 8340
8337 8341
8337 8342
8342 8343
8342 8344
8342 8345
8342 8346
8342 8347
8347 8348
8347 8349
8347 8350
8347 8351
8347 8352
8352 8353
8352 8354
8352 8355
8352 8356
8352 8357
8357 8358
8357 8359
8357 8360
8357 8361
8357 8362
8362 8363
8362 8364
8362 8365
8362 8366
8362 8367
8367 8368
8367 8369
8367 8370
8367 8371
8367 8372
8372 8373
8372 8374
8372 8375
8372 8376
8372 8377
8377 8378
8377 8379
8377 8380
8377 8381
8377 8382
8382 8383
8382 8384
8382 8385
8382 8386
8382 8387
8387 8388
8387 8389
8387 8390
8387 8391
8387 8392
8392 8393
8392 8394
8392 8395
8392 8396
8392 8397
8397 8398
8397 8399
8397 8400
8397 8401
8397 8402
8402 8403
8402 8404
8402 8405
8402 8406
8402 8407
8407 8408
8407 8409
8407 8410
8407 8411
8407 8412
8412 8413
8412 8414
8412 8415
8412 8416
8412 8417
8417 8418
8417 8419
8417 8420
8417 8421
8417 8422
8422 8423
8422 8424
8422 8425
8422 8426
8422 8427
8427 8428
8427 8429
8427 8430
8427 8431
8427 8432
8432 8433
8432 8434
8432 8435
8432 8436
8432 8437
8437 8438
8437 8439
8437 8440
8437 8441
8437 8442
8442 8443
8442 8444
8442 8445
8442 8446
8442 8447
8447 8448
8447 8449
8447 8450
8447 8451
8447 8452
8452 8453
8452 8454
8452 8455
8452 8456
8452 8457
8457 8458
8457 8459
8457 8460
8457 8461
8457 8462
8462 8463
8462 8464
8462 8465
8462 8466
8462 8467
8467 8468
8467 8469
8467 8470
8467 8471
8467 8472
8472 8473
8472 8474
8472 8475
8472 8476
8472 8477
8477 8478
8477 8479
8477 8480
8477 8481
8477 8482
8482 8483
8482 8484
8482 8485
8482 8486
8482 8487
8487 8488
8487 8489
8487 8490
8487 8491
8487 8492
8492 8493
8492 8494
8492 8495
8492 8496
8492 8497
8497 8498
8497 8499
8497 8500
8497 8501
8497 8502
8502 8503
8502 8504
8502 8505
8502 8506
8502 8507
8507 8508
8507 8509
8507 8510
8507 8511
8507 8512
8512 8513
8512 8514
8512 8515
8512 8516
8512 8517
8517 8518
8517 8519
8517 8520
8517 8521
8517 8522
8522 8523
8522 8524
8522 8525
8522 8526
8522 8527
8527 8528
8527 8529
8527 8530
8527 8531
8527 8532
8532 8533
8532 8534
8532 8535
8532 8536
8532 8537
8537 8538
8537 8539
8537 8540
8537 8541
8537 8542
8542 8543
8542 8544
8542 8545
8542 8546
8542 8547
8547 8548
8547 8549
8547 8550
8547 8551
8547 8552
8552 8553
8552 8554
8552 8555
8552 8556
8552 8557
8557 8558
8557 8559
8557 8560
8557 8561
8557 8562
8562 8563
8562 8564
8562 8565
8562 8566
8562 8567
8567 8568
8567 8569
8567 8570
8567 8571
8567 8572
8572 8573
8572 8574
8572 8575
8572 8576
8572 8577
8577 8578
8577 8579
8577 8580
8577 8581
8577 8582
8582 8583
8582 8584
8582 8585
8582 8586
8582 8587
8587 8588
8587 8589
8587 8590
8587 8591
8587 8592
8592 8593
8592 8594
8592 8595
8592 8596
8592 8597
8597 8598
8597 8599
8597 8600
8597 8601
8597 8602
8602 8603
8602 8604
8602 8605
8602 8606
8602 8607
8607 8608
8607 8609
8607 8610
8607 8611
8607 8612
8612 8613
8612 8614
8612 8615
8612 8616
8612 8617
8617 8618
8617 8619
8617 8620
8617 8621
8617 8622
8622 8623
8622 8624
8622 8625
8622 8626
8622 8627
8627 8628
8627 8629
8627 8630
8627 8631
8627 8632
8632 8633
8632 8634
8632 8635
8632 8636
8632 8637
8637 8638
8637 8639
8637 8640
8637 8641
8637 8642
8642 8643
8642 8644
8642 8645
8642 8646
8642 8647
8647 8648
8647 8649
8647 8650
8647 8651
8647 8652
8652 8653
8652 8654
8652 8655
8652 8656
8652 8657
8657 8658
8657 8659
8657 8660
8657 8661
8657 8662
8662 8663
8662 8664
8662 8665
8662 8666
8662 8667
8667 8668
8667 8669
8667 8670
8667 8671
8667 8672
8672 8673
8672 8674
8672 8675
8672 8676
8672 8677
8677 8678
8677 8679
8677 8680
8677 8681
8677 8682
8682 8683
8682 8684
8682 8685
8682 8686
8682 8687
8687 8688
8687 8689
8687 8690
8687 8691
8687 8692
8692 8693
8692 8694
8692 8695
8692 8696
8692 8697
8697 8698
8697 8699
8697 8700
8697 8701
8697 8702
8702 8703
8702 8704
8702 8705
8702 8706
8702 8707
8707 8708
8707 8709
8707 8710
8707 8711
8707 8712
8712 8713
8712 8714
8712 8715
8712 8716
8712 8717
8717 8718
8717 8719
8717 8720
8717 8721
8717 8722
8722 8723
8722 8724
8722 8725
8722 8726
8722 8727
8727 8728
8727 8729
8727 8730
8727 8731
8727 8732
8732 8733
8732 8734
8732 8735
8732 8736
8732 8737
8737 8738
8737 8739
8737 8740
8737 8741
8737 8742
8742 8743
8742 8744
8742 8745
8742 8746
8742 8747
8747 8748
8747 8749
8747 8750
8747 8751
8747 8752
8752 8753
8752 8754
8752 8755
8752 8756
8752 8757
8757 8758
8757 8759
8757 8760
8757 8761
8757 8762
8762 8763
8762 8764
8762 8765
8762 8766
8762 8767
8767 8768
8767 8769
8767 8770
8767 8771
8767 8772
8772 8773
8772 8774
8772 8775
8772 8776
8772 8777
8777 8778
8777 8779
8777 8780
8777 8781
8777 8782
8782 8783
8782 8784
8782 8785
8782 8786
8782 8787
8787 8788
8787 8789
8787 8790
8787 8791
8787 8792
8792 8793
8792 8794
8792 8795
8792 8796
8792 8797
8797 8798
8797 8799
8797 8800
8797 8801
8797 8802
8802 8803
8802 8804
8802 8805
8802 8806
8802 8807
8807 8808
8807 8809
8807 8810
8807 8811
8807 8812
8812 8813
8812 8814
8812 8815
8812 8816
8812 8817
8817 8818
8817 8819
8817 8820
8817 8821
8817 8822
8822 8823
8822 8824
8822 8825
8822 8826
8822 8827
8827 8828
8827 8829
8827 8830
8827 8831
8827 8832
8832 8833
8832 8834
8832 8835
8832 8836
8832 8837
8837 8838
8837 8839
8837 8840
8837 8841
8837 8842
8842 8843
8842 8844
8842 8845
8842 8846
8842 8847
8847 8848
8847 8849
8847 8850
8847 8851
8847 8852
8852 8853
8852 8854
8852 8855
8852 8856
8852 8857
8857 8858
8857 8859
8857 8860
8857 8861
8857 8862
8862 8863
8862 8864
8862 8865
8862 8866
8862 8867
8867 8868
8867 8869
8867 8870
8867 8871
8867 8872
8872 8873
8872 8874
8872 8875
8872 8876
8872 8877
8877 8878
8877 8879
8877 8880
8877 8881
8877 8882
8882 8883
8882 8884
8882 8885
8882 8886
8882 8887
8887 8888
8887 8889
8887 8890
8887 8891
8887 8892
8892 8893
8892 8894
8892 8895
8892 8896
8892 8897
8897 8898
8897 8899
8897 8900
8897 8901
8897 8902
8902 8903
8902 8904
8902 8905
8902 8906
8902 8907
8907 8908
8907 8909
8907 8910
8907 8911
8907 8912
8912 8913
8912 8914
8912 8915
8912 8916
8912 8917
8917 8918
8917 8919
8917 8920
8917 8921
8917 8922
8922 8923
8922 8924
8922 8925
8922 8926
8922 8927
8927 8928
8927 8929
8927 8930
8927 8931
8927 8932
8932 8933
8932 8934
8932 8935
8932 8936
8932 8937
8937 8938
8937 8939
8937 8940
8937 8941
8937 8942
8942 8943
8942 8944
8942 8945
8942 8946
8942 8947
8947 8948
8947 8949
8947 8950
8947 8951
8947 8952
8952 8953
8952 8954
8952 8955
8952 8956
8952 8957
8957 8958
8957 8959
8957 8960
8957 8961
8957 8962
8962 8963
8962 8964
8962 8965
8962 8966
8962 8967
8967 8968
8967 8969
8967 8970
8967 8971
8967 8972
8972 8973
8972 8974
8972 8975
8972 8976
8972 8977
8977 8978
8977 8979
8977 8980
8977 8981
8977 8982
8982 8983
8982 8984
8982 8985
8982 8986
8982 8987
8987 8988
8987 8989
8987 8990
8987 8991
8987 8992
8992 8993
8992 8994
8992 8995
8992 8996
8992 8997
8997 8998
8997 8999
8997 9000
8997 9001
8997 9002
9002 9003
9002 9004
9002 9005
9002 9006
9002 9007
9007 9008
9007 9009
9007 9010
9007 9011
9007 9012
9012 9013
9012 9014
9012 9015
9012 9016
9012 9017
9017 9018
9017 9019
9017 9020
9017 9021
9017 9022
9022 9023
9022 9024
9022 9025
9022 9026
9022 9027
9027 9028
9027 9029
9027 9030
9027 9031
9027 9032
9032 9033
9032 9034
9032 9035
9032 9036
9032 9037
9037 9038
9037 9039
9037 9040
9037 9041
9037 9042
9042 9043
9042 9044
9042 9045
9042 9046
9042 9047
9047 9048
9047 9049
9047 9050
9047 9051
9047 9052
9052 9053
9052 9054
9052 9055
9052 9056
9052 9057
9057 9058
9057 9059
9057 9060
9057 9061
9057 9062
9062 9063
9062 9064
9062 9065
9062 9066
9062 9067
9067 9068
9067 9069
9067 9070
9067 9071
9067 9072
9072 9073
9072 9074
9072 9075
9072 9076
9072 9077
9077 9078
9077 9079
9077 9080
9077 9081
9077 9082
9082 9083
9082 9084
9082 9085
9082 9086
9082 9087
9087 9088
9087 9089
9087 9090
9087 9091
9087 9092
9092 9093
9092 9094
9092 9095
9092 9096
9092 9097
9097 9098
9097 9099
9097 9100
9097 9101
9097 9102
9102 9103
9102 9104
9102 9105
9102 9106
9102 9107
9107 9108
9107 9109
9107 9110
9107 9111
9107 9112
9112 9113
9112 9114
9112 9115
9112 9116
9112 9117
9117 9118
9117 9119
9117 9120
9117 9121
9117 9122
9122 9123
9122 9124
9122 9125
9122 9126
9122 9127
9127 9128
9127 9129
9127 9130
9127 9131
9127 9132
9132 9133
9132 9134
9132 9135
9132 9136
9132 9137
9137 9138
9137 9139
9137 9140
9137 9141
9137 9142
9142 9143
9142 9144
9142 9145
9142 9146
9142 9147
9147 9148
9147 9149
9147 9150
9147 9151
9147 9152
9152 9153
9152 9154
9152 9155
9152 9156
9152 9157
9157 9158
9157 9159
9157 9160
9157 9161
9157 9162
9162 9163
9162 9164
9162 9165
9162 9166
9162 9167
9167 9168
9167 9169
9167 9170
9167 9171
9167 9172
9172 9173
9172 9174
9172 9175
9172 9176
9172 9177
9177 9178
9177 9179
9177 9180
9177 9181
9177 9182
9182 9183
9182 9184
9182 9185
9182 9186
9182 9187
9187 9188
9187 9189
9187 9190
9187 9191
9187 9192
9192 9193
9192 9194
9192 9195
9192 9196
9192 9197
9197 9198
9197 9199
9197 9200
9197 9201
9197 9202
9202 9203
9202 9204
9202 9205
9202 9206
9202 9207
9207 9208
9207 9209
9207 9210
9207 9211
9207 9212
9212 9213
9212 9214
9212 9215
9212 9216
9212 9217
9217 9218
9217 9219
9217 9220
9217 9221
9217 9222
9222 9223
9222 9224
9222 9225
9222 9226
9222 9227
9227 9228
9227 9229
9227 9230
9227 9231
9227 9232
9232 9233
9232 9234
9232 9235
9232 9236
9232 9237
9237 9238
9237 9239
9237 9240
9237 9241
9237 9242
9242 9243
9242 9244
9242 9245
9242 9246
9242 9247
9247 9248
9247 9249
9247 9250
9247 9251
9247 9252
9252 9253
9252 9254
9252 9255
9252 9256
9252 9257
9257 9258
9257 9259
9257 9260
9257 9261
9257 9262
9262 9263
9262 9264
9262 9265
9262 9266
9262 9267
9267 9268
9267 9269
9267 9270
9267 9271
9267 9272
9272 9273
9272 9274
9272 9275
9272 9276
9272 9277
9277 9278
9277 9279
9277 9280
9277 9281
9277 9282
9282 9283
9282 9284
9282 9285
9282 9286
9282 9287
9287 9288
9287 9289
9287 9290
9287 9291
9287 9292
9292 9293
9292 9294
9292 9295
9292 9296
9292 9297
9297 9298
9297 9299
9297 9300
9297 9301
9297 9302
9302 9303
9302 9304
9302 9305
9302 9306
9302 9307
9307 9308
9307 9309
9307 9310
9307 9311
9307 9312
9312 9313
9312 9314
9312 9315
9312 9316
9312 9317
9317 9318
9317 9319
9317 9320
9317 9321
9317 9322
9322 9323
9322 9324
9322 9325
9322 9326
9322 9327
9327 9328
9327 9329
9327 9330
9327 9331
9327 9332
9332 9333
9332 9334
9332 9335
9332 9336
9332 9337
9337 9338
9337 9339
9337 9340
9337 9341
9337 9342
9342 9343
9342 9344
9342 9345
9342 9346
9342 9347
9347 9348
9347 9349
9347 9350
9347 9351
9347 9352
9352 9353
9352 9354
9352 9355
9352 9356
9352 9357
9357 9358
9357 9359
9357 9360
9357 9361
9357 9362
9362 9363
9362 9364
9362 9365
9362 9366
9362 9367
9367 9368
9367 9369
9367 9370
9367 9371
9367 9372
9372 9373
9372 9374
9372 9375
9372 9376
9372 9377
9377 9378
9377 9379
9377 9380
9377 9381
9377 9382
9382 9383
9382 9384
9382 9385
9382 9386
9382 9387
9387 9388
9387 9389
9387 9390
9387 9391
9387 9392
9392 9393
9392 9394
9392 9395
9392 9396
9392 9397
9397 9398
9397 9399
9397 9400
9397 9401
9397 9402
9402 9403
9402 9404
9402 9405
9402 9406
9402 9407
9407 9408
9407 9409
9407 9410
9407 9411
9407 9412
9412 9413
9412 9414
9412 9415
9412 9416
9412 9417
9417 9418
9417 9419
9417 9420
9417 9421
9417 9422
9422 9423
9422 9424
9422 9425
9422 9426
9422 9427
9427 9428
9427 9429
9427 9430
9427 9431
9427 9432
9432 9433
9432 9434
9432 9435
9432 9436
9432 9437
9437 9438
9437 9439
9437 9440
9437 9441
9437 9442
9442 9443
9442 9444
9442 9445
9442 9446
9442 9447
9447 9448
9447 9449
9447 9450
9447 9451
9447 9452
9452 9453
9452 9454
9452 9455
9452 9456
9452 9457
9457 9458
9457 9459
9457 9460
9457 9461
9457 9462
9462 9463
9462 9464
9462 9465
9462 9466
9462 9467
9467 9468
9467 9469
9467 9470
9467 9471
9467 9472
9472 9473
9472 9474
9472 9475
9472 9476
9472 9477
9477 9478
9477 9479
9477 9480
9477 9481
9477 9482
9482 9483
9482 9484
9482 9485
9482 9486
9482 9487
9487 9488
9487 9489
9487 9490
9487 9491
9487 9492
9492 9493
9492 9494
9492 9495
9492 9496
9492 9497
9497 9498
9497 9499
9497 9500
9497 9501
9497 9502
9502 9503
9502 9504
9502 9505
9502 9506
9502 9507
9507 9508
9507 9509
9507 9510
9507 9511
9507 9512
9512 9513
9512 9514
9512 9515
9512 9516
9512 9517
9517 9518
9517 9519
9517 9520
9517 9521
9517 9522
9522 9523
9522 9524
9522 9525
9522 9526
9522 9527
9527 9528
9527 9529
9527 9530
9527 9531
9527 9532
9532 9533
9532 9534
9532 9535
9532 9536
9532 9537
9537 9538
9537 9539
9537 9540
9537 9541
9537 9542
9542 9543
9542 9544
9542 9545
9542 9546
9542 9547
9547 9548
9547 9549
9547 9550
9547 9551
9547 9552
9552 9553
9552 9554
9552 9555
9552 9556
9552 9557
9557 9558
9557 9559
9557 9560
9557 9561
9557 9562
9562 9563
9562 9564
9562 9565
9562 9566
9562 9567
9567 9568
9567 9569
9567 9570
9567 9571
9567 9572
9572 9573
9572 9574
9572 9575
9572 9576
9572 9577
9577 9578
9577 9579
9577 9580
9577 9581
9577 9582
9582 9583
9582 9584
9582 9585
9582 9586
9582 9587
9587 9588
9587 9589
9587 9590
9587 9591
9587 9592
9592 9593
9592 9594
9592 9595
9592 9596
9592 9597
9597 9598
9597 9599
9597 9600
9597 9601
9597 9602
9602 9603
9602 9604
9602 9605
9602 9606
9602 9607
9607 9608
9607 9609
9607 9610
9607 9611
9607 9612
9612 9613
9612 9614
9612 9615
9612 9616
9612 9617
9617 9618
9617 9619
9617 9620
9617 9621
9617 9622
9622 9623
9622 9624
9622 9625
9622 9626
9622 9627
9627 9628
9627 9629
9627 9630
9627 9631
9627 9632
9632 9633
9632 9634
9632 9635
9632 9636
9632 9637
9637 9638
9637 9639
9637 9640
9637 9641
9637 9642
9642 9643
9642 9644
9642 9645
9642 9646
9642 9647
9647 9648
9647 9649
9647 9650
9647 9651
9647 9652
9652 9653
9652 9654
9652 9655
9652 9656
9652 9657
9657 9658
9657 9659
9657 9660
9657 9661
9657 9662
9662 9663
9662 9664
9662 9665
9662 9666
9662 9667
9667 9668
9667 9669
9667 9670
9667 9671
9667 9672
9672 9673
9672 9674
9672 9675
9672 9676
9672 9677
9677 9678
9677 9679
9677 9680
9677 9681
9677 9682
9682 9683
9682 9684
9682 9685
9682 9686
9682 9687
9687 9688
9687 9689
9687 9690
9687 9691
9687 9692
9692 9693
9692 9694
9692 9695
9692 9696
9692 9697
9697 9698
9697 9699
9697 9700
9697 9701
9697 9702
9702 9703
9702 9704
9702 9705
9702 9706
9702 9707
9707 9708
9707 9709
9707 9710
9707 9711
9707 9712
9712 9713
9712 9714
9712 9715
9712 9716
9712 9717
9717 9718
9717 9719
9717 9720
9717 9721
9717 9722
9722 9723
9722 9724
9722 9725
9722 9726
9722 9727
9727 9728
9727 9729
9727 9730
9727 9731
9727 9732
9732 9733
9732 9734
9732 9735
9732 9736
9732 9737
9737 9738
9737 9739
9737 9740
9737 9741
9737 9742
9742 9743
9742 9744
9742 9745
9742 9746
9742 9747
9747 9748
9747 9749
9747 9750
9747 9751
9747 9752
9752 9753
9752 9754
9752 9755
9752 9756
9752 9757
9757 9758
9757 9759
9757 9760
9757 9761
9757 9762
9762 9763
9762 9764
9762 9765
9762 9766
9762 9767
9767 9768
9767 9769
9767 9770
9767 9771
9767 9772
9772 9773
9772 9774
9772 9775
9772 9776
9772 9777
9777 9778
9777 9779
9777 9780
9777 9781
9777 9782
9782 9783
9782 9784
9782 9785
9782 9786
9782 9787
9787 9788
9787 9789
9787 9790
9787 9791
9787 9792
9792 9793
9792 9794
9792 9795
9792 9796
9792 9797
9797 9798
9797 9799
9797 9800
9797 9801
9797 9802
9802 9803
9802 9804
9802 9805
9802 9806
9802 9807
9807 9808
9807 9809
9807 9810
9807 9811
9807 9812
9812 9813
9812 9814
9812 9815
9812 9816
9812 9817
9817 9818
9817 9819
9817 9820
9817 9821
9817 9822
9822 9823
9822 9824
9822 9825
9822 9826
9822 9827
9827 9828
9827 9829
9827 9830
9827 9831
9827 9832
9832 9833
9832 9834
9832 9835
9832 9836
9832 9837
9837 9838
9837 9839
9837 9840
9837 9841
9837 9842
9842 9843
9842 9844
9842 9845
9842 9846
9842 9847
9847 9848
9847 9849
9847 9850
9847 9851
9847 9852
9852 9853
9852 9854
9852 9855
9852 9856
9852 9857
9857 9858
9857 9859
9857 9860
9857 9861
9857 9862
9862 9863
9862 9864
9862 9865
9862 9866
9862 9867
9867 9868
9867 9869
9867 9870
9867 9871
9867 9872
9872 9873
9872 9874
9872 9875
9872 9876
9872 9877
9877 9878
9877 9879
9877 9880
9877 9881
9877 9882
9882 9883
9882 9884
9882 9885
9882 9886
9882 9887
9887 9888
9887 9889
9887 9890
9887 9891
9887 9892
9892 9893
9892 9894
9892 9895
9892 9896
9892 9897
9897 9898
9897 9899
9897 9900
9897 9901
9897 9902
9902 9903
9902 9904
9902 9905
9902 9906
9902 9907
9907 9908
9907 9909
9907 9910
9907 9911
9907 9912
9912 9913
9912 9914
9912 9915
9912 9916
9912 9917
9917 9918
9917 9919
9917 9920
9917 9921
9917 9922
9922 9923
9922 9924
9922 9925
9922 9926
9922 9927
9927 9928
9927 9929
9927 9930
9927 9931
9927 9932
9932 9933
9932 9934
9932 9935
9932 9936
9932 9937
9937 9938
9937 9939
9937 9940
9937 9941
9937 9942
9942 9943
9942 9944
9942 9945
9942 9946
9942 9947
9947 9948
9947 9949
9947 9950
9947 9951
9947 9952
9952 9953
9952 9954
9952 9955
9952 9956
9952 9957
9957 9958
9957 9959
9957 9960
9957 9961
9957 9962
9962 9963
9962 9964
9962 9965
9962 9966
9962 9967
9967 9968
9967 9969
9967 9970
9967 9971
9967 9972
9972 9973
9972 9974
9972 9975
9972 9976
9972 9977
9977 9978
9977 9979
9977 9980
9977 9981
9977 9982
9982 9983
9982 9984
9982 9985
9982 9986
9982 9987
9987 9988
9987 9989
9987 9990
9987 9991
9987 9992
9992 9993
9992 9994
9992 9995
9992 9996
9992 9997
9997 9998
9997 9999
9997 10000
9997 10001
