init
0  1  0  0  
1  0  1  0  
0  0  0  0  
0  0  0  0  

K=0
0  1  0  0  
1  0  1  0  
0  0  0  0  
0  0  0  0  

0  1  0  0  
1  0  1  0  
0  0  0  0  
0  0  0  0  

0  1  0  0  
1  0  1  0  
0  0  0  0  
0  0  0  0  

0  1  0  0  
1  0  1  0  
0  0  0  0  
0  0  0  0  

0  1  0  0  
1  0  1  0  
0  0  0  0  
0  0  0  0  

loop:(1,0),(0,1)
0  1  0  0  
1  [31m1[m1  1  0  
0  0  0  0  
0  0  0  0  

0  1  0  0  
1  1  1  0  
0  0  0  0  
0  0  0  0  

0  1  0  0  
1  1  1  0  
0  0  0  0  
0  0  0  0  

0  1  0  0  
1  1  1  0  
0  0  0  0  
0  0  0  0  

0  1  0  0  
1  1  1  0  
0  0  0  0  
0  0  0  0  

0  1  0  0  
1  1  1  0  
0  0  0  0  
0  0  0  0  

0  1  0  0  
1  1  1  0  
0  0  0  0  
0  0  0  0  

0  1  0  0  
1  1  1  0  
0  0  0  0  
0  0  0  0  

0  1  0  0  
1  1  1  0  
0  0  0  0  
0  0  0  0  

0  1  0  0  
1  1  1  0  
0  0  0  0  
0  0  0  0  

0  1  0  0  
1  1  1  0  
0  0  0  0  
0  0  0  0  

0  1  0  0  
1  1  1  0  
0  0  0  0  
0  0  0  0  


K=1
loop:(0,1),(1,0)
[31m1[m1  1  0  0  
1  1  1  0  
0  0  0  0  
0  0  0  0  

rec1:(0,0),(0,0)
1  1  0  0  
1  1  1  0  
0  0  0  0  
0  0  0  0  

loop:(0,1),(1,1)
2  1  0  0  
1  1  1  0  
0  0  0  0  
0  0  0  0  

loop:(0,1),(1,2)
2  2  [31m1[m1  0  
1  1  1  0  
0  0  0  0  
0  0  0  0  

rec2:(0,0),(0,2)
2  2  1  0  
1  1  1  0  
0  0  0  0  
0  0  0  0  

2  2  2  0  
1  1  1  0  
0  0  0  0  
0  0  0  0  

loop:(1,1),(1,0)
2  2  2  0  
1  1  1  0  
0  0  0  0  
0  0  0  0  

loop:(1,1),(1,1)
2  2  2  0  
2  1  1  0  
0  0  0  0  
0  0  0  0  

loop:(1,1),(1,2)
2  2  2  0  
2  2  1  0  
0  0  0  0  
0  0  0  0  

2  2  2  0  
2  2  2  0  
0  0  0  0  
0  0  0  0  

2  2  2  0  
2  2  2  0  
0  0  0  0  
0  0  0  0  

2  2  2  0  
2  2  2  0  
0  0  0  0  
0  0  0  0  

2  2  2  0  
2  2  2  0  
0  0  0  0  
0  0  0  0  

2  2  2  0  
2  2  2  0  
0  0  0  0  
0  0  0  0  

2  2  2  0  
2  2  2  0  
0  0  0  0  
0  0  0  0  

2  2  2  0  
2  2  2  0  
0  0  0  0  
0  0  0  0  

2  2  2  0  
2  2  2  0  
0  0  0  0  
0  0  0  0  

2  2  2  0  
2  2  2  0  
0  0  0  0  
0  0  0  0  

2  2  2  0  
2  2  2  0  
0  0  0  0  
0  0  0  0  


K=2
2  2  2  0  
2  2  2  0  
0  0  0  0  
0  0  0  0  

2  2  2  0  
2  2  2  0  
0  0  0  0  
0  0  0  0  

2  2  2  0  
2  2  2  0  
0  0  0  0  
0  0  0  0  

2  2  2  0  
2  2  2  0  
0  0  0  0  
0  0  0  0  

2  2  2  0  
2  2  2  0  
0  0  0  0  
0  0  0  0  

2  2  2  0  
2  2  2  0  
0  0  0  0  
0  0  0  0  

2  2  2  0  
2  2  2  0  
0  0  0  0  
0  0  0  0  

2  2  2  0  
2  2  2  0  
0  0  0  0  
0  0  0  0  

2  2  2  0  
2  2  2  0  
0  0  0  0  
0  0  0  0  

2  2  2  0  
2  2  2  0  
0  0  0  0  
0  0  0  0  

2  2  2  0  
2  2  2  0  
0  0  0  0  
0  0  0  0  

2  2  2  0  
2  2  2  0  
0  0  0  0  
0  0  0  0  

2  2  2  0  
2  2  2  0  
0  0  0  0  
0  0  0  0  

2  2  2  0  
2  2  2  0  
0  0  0  0  
0  0  0  0  

2  2  2  0  
2  2  2  0  
0  0  0  0  
0  0  0  0  

2  2  2  0  
2  2  2  0  
0  0  0  0  
0  0  0  0  

2  2  2  0  
2  2  2  0  
0  0  0  0  
0  0  0  0  


K=3
2  2  2  0  
2  2  2  0  
0  0  0  0  
0  0  0  0  

2  2  2  0  
2  2  2  0  
0  0  0  0  
0  0  0  0  

2  2  2  0  
2  2  2  0  
0  0  0  0  
0  0  0  0  

2  2  2  0  
2  2  2  0  
0  0  0  0  
0  0  0  0  

2  2  2  0  
2  2  2  0  
0  0  0  0  
0  0  0  0  

2  2  2  0  
2  2  2  0  
0  0  0  0  
0  0  0  0  

2  2  2  0  
2  2  2  0  
0  0  0  0  
0  0  0  0  

2  2  2  0  
2  2  2  0  
0  0  0  0  
0  0  0  0  

2  2  2  0  
2  2  2  0  
0  0  0  0  
0  0  0  0  

2  2  2  0  
2  2  2  0  
0  0  0  0  
0  0  0  0  

2  2  2  0  
2  2  2  0  
0  0  0  0  
0  0  0  0  

2  2  2  0  
2  2  2  0  
0  0  0  0  
0  0  0  0  

2  2  2  0  
2  2  2  0  
0  0  0  0  
0  0  0  0  

2  2  2  0  
2  2  2  0  
0  0  0  0  
0  0  0  0  

2  2  2  0  
2  2  2  0  
0  0  0  0  
0  0  0  0  

2  2  2  0  
2  2  2  0  
0  0  0  0  
0  0  0  0  

2  2  2  0  
2  2  2  0  
0  0  0  0  
0  0  0  0  


