1
500
250
0
1 0 1 5
1 1 3 11
128 1 128 636
1 2 1 5
1 3 4 5
136 3 138 674
1 4 5 5
76 4 79 376
1 5 6 5
13 5 17 61
166 5 170 826
189 5 193 939
1 6 7 5
1 7 8 5
1 7 167 801
215 7 221 1071
1 8 9 5
79 8 86 389
1 9 10 5
4 9 12 14
209 9 217 1039
1 10 11 5
3 11 13 11
1 11 80 344
8 12 19 34
1 13 15 11
1 14 12 11
1 14 17 16
1 14 171 786
4 15 18 16
5 16 12 21
1 16 209 964
1 17 23 29
1 18 21 14
221 18 238 1101
4 19 22 14
1 19 210 954
4 20 17 16
85 20 104 419
1 21 24 14
4 22 25 14
10 22 31 46
4 23 26 14
1 23 186 814
4 24 27 14
90 24 113 446
4 25 28 16
1 25 70 226
1 26 29 16
32 26 57 154
139 26 164 689
1 27 30 14
1 27 74 236
10 28 37 44
1 28 168 701
1 28 226 989
204 28 231 1014
4 29 32 14
55 29 83 271
1 30 33 14
67 31 97 329
1 31 141 549
1 32 41 46
1 33 36 14
169 33 201 839
7 34 28 29
198 34 231 984
4 35 32 16
4 36 39 14
1 36 168 661
155 36 190 771
1 37 40 16
5 37 41 19
152 37 188 754
1 37 244 1034
1 38 32 29
1 38 95 284
1 38 242 1019
1 39 42 14
1 39 73 171
4 40 43 16
1 40 230 951
4 41 44 16
1 41 139 491
4 42 45 16
1 42 156 571
1 42 205 814
1 42 209 836
1 43 46 14
36 43 78 176
115 43 157 571
1 44 47 16
1 44 76 161
7 45 51 31
1 45 86 206
90 45 134 446
202 45 246 1006
1 46 49 14
4 47 50 16
4 48 45 16
5 48 52 19
1 48 106 289
5 49 53 21
53 49 101 259
5 50 54 21
1 50 98 239
1 50 187 684
1 50 234 919
3 51 53 11
1 51 55 19
5 52 56 21
1 52 139 436
1 53 57 19
1 53 62 44
18 53 70 84
1 53 80 134
52 53 104 256
136 53 188 674
1 53 233 901
5 54 58 21
45 54 98 221
1 55 59 21
20 55 74 96
1 55 202 736
5 56 60 19
1 56 156 501
1 57 61 21
1 57 62 24
1 57 68 54
1 57 136 394
1 57 148 454
1 57 214 786
6 58 63 24
24 58 81 116
1 59 64 26
1 59 91 161
69 59 127 339
1 59 144 426
7 60 66 31
14 60 73 66
1 60 75 74
1 60 96 179
7 61 67 29
1 62 78 81
1 63 71 41
107 63 169 531
10 64 73 46
25 64 88 121
11 65 55 51
10 66 75 44
10 67 76 46
1 67 165 489
136 67 202 676
1 68 77 44
8 69 62 34
1 70 79 44
97 70 166 481
1 70 174 521
1 70 227 786
1 71 80 44
127 71 197 631
154 71 224 766
15 72 58 71
1 73 82 46
1 73 195 611
1 73 199 631
1 74 83 44
34 74 107 166
120 74 193 594
1 75 93 89
27 75 101 129
1 75 112 186
51 75 125 251
64 75 138 314
1 75 198 616
1 76 85 46
1 77 86 44
10 78 87 44
1 78 156 391
10 79 88 44
10 80 89 44
1 80 118 189
10 81 90 46
10 82 91 46
1 82 101 96
134 82 215 666
1 83 92 46
114 83 196 564
1 84 75 46
1 85 94 44
35 85 119 171
1 85 210 626
1 86 95 46
10 87 96 44
41 87 127 199
1 87 199 561
1 88 97 44
1 89 91 11
10 89 98 46
1 90 109 96
1 91 111 99
104 91 194 516
1 92 125 164
1 92 143 254
1 92 238 731
1 93 103 49
1 93 112 96
1 94 104 49
22 95 116 106
38 95 132 184
8 96 103 36
11 96 106 51
98 96 193 484
1 96 212 579
1 96 221 626
1 96 246 749
1 97 107 51
1 97 123 129
1 97 208 554
135 97 231 669
1 98 102 19
22 98 119 104
1 98 198 501
1 98 208 551
10 99 90 46
12 99 110 56
1 100 91 46
1 100 110 49
119 100 218 589
12 101 112 56
24 101 124 114
146 101 246 726
20 103 122 96
25 103 127 119
1 103 212 546
12 104 115 56
27 104 130 131
1 104 184 399
144 104 247 716
1 105 95 51
23 105 127 109
1 106 117 56
68 106 173 336
1 107 110 14
12 107 118 54
87 107 193 429
1 107 203 481
1 108 98 51
1 108 162 269
1 109 136 136
12 110 121 56
1 110 163 266
12 111 122 54
1 111 139 139
1 111 148 184
45 111 155 221
12 112 123 54
14 113 126 64
80 113 192 394
12 114 103 56
1 114 128 71
15 115 129 69
106 115 220 526
1 115 244 644
34 116 149 164
107 116 222 531
1 117 133 81
1 117 152 174
17 118 134 79
1 118 137 96
1 119 221 511
12 120 109 54
18 120 137 86
1 121 138 86
1 121 146 126
1 122 139 84
47 122 168 231
18 123 140 86
1 123 177 269
1 124 141 84
1 125 161 179
72 125 196 354
1 125 219 469
1 125 236 556
19 126 144 91
39 126 164 189
12 127 138 54
19 127 145 89
19 128 146 91
1 129 147 89
93 129 221 461
98 129 226 484
114 129 242 566
19 130 148 89
1 130 245 576
16 131 116 76
1 132 150 91
1 133 151 89
1 134 173 194
114 134 247 564
17 135 119 79
35 135 169 169
48 135 182 234
71 135 205 351
39 136 174 189
1 136 176 201
1 137 156 96
1 138 157 96
1 138 206 341
75 138 212 369
20 139 158 96
20 140 159 96
1 140 186 231
1 141 182 204
18 142 125 84
1 142 144 11
20 143 162 94
1 143 196 264
1 143 233 451
20 144 163 96
1 145 167 111
1 145 187 211
1 146 166 101
21 147 167 101
1 148 190 209
99 148 246 491
11 149 159 49
43 149 191 209
21 150 170 99
87 150 236 429
8 151 158 36
1 151 171 101
42 151 192 204
93 151 243 461
16 152 167 74
1 152 172 101
1 153 134 96
1 153 201 239
1 154 119 174
1 154 175 104
79 154 232 389
6 155 160 24
23 155 177 111
71 155 225 351
81 155 235 401
1 156 170 71
23 156 178 111
1 157 179 109
1 158 202 221
22 159 180 106
45 159 203 221
1 159 217 291
1 159 230 356
45 161 205 219
1 162 171 46
45 162 206 219
1 162 218 281
1 162 234 361
20 163 182 96
1 163 185 111
1 163 204 206
1 164 186 109
30 164 193 144
1 164 241 384
1 165 183 89
1 166 188 111
1 167 212 224
48 167 214 236
53 167 219 261
26 169 194 124
23 170 192 109
1 170 200 149
23 171 193 111
55 171 225 271
75 171 245 369
1 172 194 111
1 172 214 209
1 172 230 291
1 172 233 306
23 173 195 109
1 173 219 229
1 173 220 236
1 174 186 59
19 175 193 91
23 175 197 111
1 175 220 226
47 175 221 231
1 175 248 366
23 176 198 109
38 176 213 184
1 176 248 361
1 177 183 31
1 177 199 111
49 177 225 241
69 177 245 341
32 178 209 156
1 178 226 239
51 178 228 249
23 179 201 111
37 179 215 181
51 179 229 251
54 180 233 266
1 181 159 111
1 181 188 36
1 181 193 59
1 182 189 34
1 183 221 189
1 184 210 131
1 184 235 256
55 184 238 269
24 185 208 116
24 186 209 116
24 187 210 116
1 187 212 126
1 187 246 294
18 188 205 86
24 188 211 114
1 188 241 266
1 189 241 259
55 189 243 269
1 190 214 119
16 191 206 76
25 191 215 121
11 192 202 51
1 192 216 121
40 193 232 194
56 193 248 276
25 194 218 121
53 194 246 259
1 195 219 119
1 197 204 36
26 197 222 126
1 197 235 191
1 198 227 146
39 198 236 191
1 199 224 126
1 200 216 79
1 200 227 134
27 201 227 131
20 202 221 94
1 203 229 131
14 204 217 64
28 204 231 134
1 205 232 134
1 206 233 136
24 207 184 116
1 207 226 94
23 207 229 111
1 207 236 144
30 208 237 144
1 208 241 166
1 209 238 144
30 210 239 146
1 211 216 26
9 211 219 41
1 211 240 144
37 211 247 179
31 212 242 151
1 213 237 119
32 213 244 156
1 214 215 5
1 214 233 96
1 214 245 154
1 215 246 156
32 216 247 156
33 217 249 159
1 221 239 91
26 223 198 124
1 223 247 119
1 225 229 19
22 225 246 106
12 230 241 56
1 232 240 41
1 235 243 41
5 238 242 19
6 238 243 26
1 239 243 21
6 239 244 26
1 240 246 29
1 245 248 16
1 247 248 5

